3.8 0.1 1
10.64 0.1 1
17.97 0.1 1
27.5 0.1 1
35.37 0.1 1
40.18 0.1 1
46.77 0.1 1
54.23 0.1 1
61.87 0.1 1
69.99 0.1 1
79.12 0.1 1
85.72 0.1 1
90.9 0.1 1
96.1 0.1 1
103.86 0.1 1
110.33 0.1 1
117.61 0.1 1
124.65 0.1 1
133.04 0.1 1
139.53 0.1 1
147.22 0.1 1
155.51 0.1 1
162.76 0.1 1
169.2 0.1 1
176.83 0.1 1
184.34 0.1 1
192.23 0.1 1
197.17 0.1 1
202.42 0.1 1
209.97 0.1 1
217.93 0.1 1
224.19 0.1 1
231.14 0.1 1
237.35 0.1 1
243.9 0.1 1
251.55 0.1 1
259.11 0.1 1
265.54 0.1 1
274.81 0.1 1
282.31 0.1 1
290.49 0.1 1
297.83 0.1 1
305.08 0.1 1
311.82 0.1 1
316.93 0.1 1
322.08 0.1 1
328.19 0.1 1
337.16 0.1 1
344.92 0.1 1
352.58 0.1 1
360.35 0.1 1
366.22 0.1 1
375.1 0.1 1
380.13 0.1 1
388.33 0.1 1
397.06 0.1 1
404.33 0.1 1
410.06 0.1 1
416.25 0.1 1
421.9 0.1 1
430.8 0.1 1
437.74 0.1 1
444.52 0.1 1
451.41 0.1 1
456.72 0.1 1
464.23 0.1 1
468.57 0.1 1
477.29 0.1 1
484.76 0.1 1
493.3 0.1 1
500.87 0.1 1
