2.12
3.72
3.7
2.98
1.19
1.53
2.15
2.49
3.98
3.33
1.64
1.38
2.16
2.15
2.02
2.8
1.56
3.01
1.32
2.23
2.94
2.66
3.37
2.43
3.08
3.58
1.73
1.3
2.56
2.22
1.88
2
1.77
3.3
3.63
3.52
2
3.68
2.17
3.88
3.14
1.98
1.61
1.37
1.43
1.18
3.63
3.39
2.23
2.81
2.06
3.98
1.64
2.43
2.8
3.2
2.29
1.04
1.31
2.92
2.49
1.52
2.36
1.62
2.79
1.23
2.93
2.79
2.58
2.52
2.8
1.77
2.36
3.24
3.59
2.67
2.36
1.54
1.23
1.64
3.69
3.34
2.24
2.01
2.01
3.52
2.17
3.69
3.22
3.71
1.57
2.51
1.57
3.17
2.64
2.17
3.78
2.77
3.52
3.35
1.66
1.81
2.56
1.39
3.15
1.3
3.84
1.92
3.86
2.02
1.5
2.53
2.53
1.14
3.56
1.39
2.89
3.07
2.66
2.36
2.74
1.43
1.63
1.4
3.83
3.8
2.81
1.33
2.5
3.8
1.95
3.36
1.5
3.26
1.51
1.33
1.51
1.58
1.54
3.31
2.58
2.12
1.42
1.46
1.66
1.39
1.98
3.04
1.36
3.79
1.28
2.38
3.97
3.44
2.2
1.58
3.16
2.49
2.06
2.87
1.94
3.99
3.86
3.35
3.29
1.88
3.44
2.09
1.47
3.91
1.53
2.15
1.81
1.52
3.18
1.19
2.25
1.85
1.25
2.42
2
1.83
3.51
3.11
2.39
2.69
1.69
2.26
3.59
2.48
2.69
3.94
1.72
3.5
3.89
1.43
2.52
2.04
1.94
1.44
1.56
3.69
3.17
3.34
3.82
2.07
3.38
2.43
1.92
3.47
2.54
1.43
2.22
3.8
3.64
1.22
2.61
3.41
1.16
3.76
1.88
2.83
2.27
3.83
1.21
2.33
1.51
2.97
3.96
1.19
2.43
2.32
3.82
1.49
3.07
3.87
2.19
1.72
2.31
3.08
1.47
3.84
2.51
1.01
1.4
3.82
1.49
2.38
2.55
1.17
3.06
2.99
3.91
3.55
2.6
2.4
3.18
1.56
2.63
2.91
3.13
1.38
3.78
3.28
3.98
1.09
1.83
1.13
2.01
2.87
3.87
1.99
1.35
2.14
3.2
2.72
3.72
2.15
1.15
3.49
1.4
3.19
3.09
2.93
3.87
2.26
1.28
2.58
2.22
3.21
3.85
1.11
2.25
2.58
3.13
1.73
2.96
2.95
2.49
2.35
3.79
3.25
3.92
2.18
1.32
2.04
2.62
2.22
2.02
1.17
1.64
1.41
2.86
2.9
3.81
2.11
3.49
1.95
1.19
3
1.91
1.61
1.67
3.59
3.83
3.53
2.18
1.29
2.76
3.6
3.4
2.87
2.76
1.6
3.01
2.57
2.58
2.26
1.37
1.83
3.33
2.55
2.52
2.28
3.76
2.52
2.8
2.68
1.5
2.42
3.7
3.03
1.22
2.59
3.14
2.41
3.35
2.29
1.44
3.3
2.81
3.12
3.55
2.73
1.15
2.64
1.15
1.89
3.49
1.13
2.63
1.81
2.14
3.51
3.03
3.71
1.39
1.58
1.68
2.35
1.47
1.62
1.49
3.18
3.13
3.46
3.99
2.29
3.26
4
3.14
2.42
1.5
1.88
1.14
1.17
2.03
2.88
2.55
2.04
1.1
3.24
3.03
3.84
1.1
2.16
3.88
2.64
3.75
3.15
2.66
3.46
1.11
2.1
3.18
3.73
3.34
2.73
3.62
2.52
1.4
2.47
2.3
2.93
2.06
3.23
3.94
1.11
3.16
1.7
1.79
1.1
2.19
2.89
1.23
3.92
1.67
1.03
2.36
3.97
3.83
3.7
3.35
3.03
1.99
1.2
1.04
1.36
1.11
1.48
3.3
1.56
1.19
1.44
1.13
3.37
1.2
2.33
3.16
3.66
3.91
1.12
3.47
1.87
2.29
3.78
1.82
3.25
2.39
1.94
3.76
2.23
2.25
3.27
3.46
1.53
3.62
1.79
1.56
1.03
2.33
2.87
1.72
3.68
3.2
2.62
3.89
1.2
2.84
3.4
1.48
2.2
2.43
1.98
2.58
2.32
1.61
3.33
1.85
1.8
3.05
3.86
1.12
2.74
2.96
2.53
3.98
3.69
1.89
1.8
3.46
3.53
3.29
1.82
3.12
2.41
3.9
1.59
2.54
1.46
1.49
2.5
2.22
1.93
3.82
2.6
3.72
1.49
2.21
1.24
3.78
1.49
3.79
1.48
2.39
1.01
2.21
2.52
1.08
2.16
2.09
1.1
3.45
1.34
2.24
3.14
1.9
3.32
2.65
3.79
1.76
1.37
2.92
2.27
2.15
3.07
3.06
2.52
3.21
3.32
3.39
3.5
3.71
2.34
1.99
1.33
2.22
1.53
2.98
2.26
1.87
1.49
2.57
1.83
1.31
1.24
3.59
1.75
1.67
2.16
1.85
1.99
2.13
1.82
1.41
3.29
2.37
1.22
3.37
1.12
2.03
2.16
1.52
2.84
1.2
3.81
2.93
3.87
3.22
1.14
3.22
3.02
3.54
3.58
3.03
3.21
1.84
3.83
1.12
1.09
1.29
3.46
1.4
2.05
2.6
1.94
1.06
3.64
2.41
3.11
2.51
1.89
3.81
3.38
1.2
1.37
3.71
1.55
2.52
1.23
3.26
3.17
2.18
3.82
1.91
2.16
3.59
3.03
3.41
3.79
2.79
3.23
1.78
3.04
2.14
3.7
2.44
2.54
2.5
1.06
1.48
3.93
3.28
2.55
2.31
2.31
3.01
3.35
1.49
2.33
1.31
2
3.08
1.22
3.54
3.64
2.49
2.82
3.73
1.84
1.52
1.37
1.49
1.72
2.94
1.52
2.18
2.68
1.3
3.77
3.72
1.11
1.94
2.06
2.7
1.36
2.06
3.35
3.52
2.77
2.9
1.78
1.99
3.63
2.58
1.74
3.85
1.84
3.61
3.16
2.94
2.13
3.44
1.15
1.48
2.21
2.69
2.62
2.16
2.15
3.04
1.76
1.04
2.5
3.42
3.51
2.16
2.43
3.8
1.78
2.34
3.06
1.78
1.96
3.14
1.7
3.03
1.35
1.07
3.2
2.34
2
1.9
3.52
1.42
3.49
1.45
2.34
2.24
3.15
1.11
2.2
2.33
3.13
3.61
1.49
2.88
3.02
3.65
2.39
3.62
2.6
2.15
3.09
2.83
2.95
3.53
2.16
2.22
2.26
3.57
3.92
3.5
3.55
3.88
1.85
1.21
1.4
2.8
2.53
1.01
3.65
2.24
2.43
2.97
1.29
1.72
3.55
3.93
3.26
3.31
1.13
3.56
3.61
2.08
2.72
3.47
3.95
1.4
3.55
3.75
3.46
2.85
2.32
2.7
3.42
1.42
1.33
1.72
1.23
1.14
3.75
1.54
1.92
1.38
3.09
3.1
3.65
1.97
3.68
2.66
1.29
3.63
3.8
3.37
2
1.27
2.54
1.27
1.1
3.28
2.15
2.03
1.78
3.72
1.17
1.99
3.14
2.84
1.81
2.43
2.27
3.86
2.62
1.77
3.65
1.3
3.11
3.67
1.37
2.88
3.49
3.6
3.81
3.92
2.74
1.6
1.67
3.27
1.17
3.07
1.37
1.53
2.9
1.83
1.61
1.76
3.77
1.26
2.63
1.96
4
2.31
3.9
3.42
1.18
3.09
3.27
2.53
1.08
3.96
2.28
1.24
3.68
2.21
2.79
1.65
1.11
2.3
3.32
2.48
2.53
2.76
2.96
2.19
2.14
1.69
1.25
1.22
1.65
1.69
2.04
1.34
1.56
3.8
2.93
2.81
2.47
1.54
1.83
2.07
2.61
2.46
3.89
2.1
1.68
1.15
1.46
3.99
2.86
3.45
2.75
2.71
2.3
3.13
3.78
3.45
2.24
2.63
1.22
3.62
3.9
1.2
2.48
1.57
1.35
3.57
3.64
3.94
3.07
1.1
3.06
1.73
2.26
2.79
2.58
3.36
1.77
1.75
2.72
3.43
2.04
1.76
1.47
1.68
2.17
1.37
3.27
1.06
2.32
1.22
3.66
1.91
3.61
2.01
2.25
1.46
1
3.85
1.24
3.98
2.88
1.86
3.27
3.43
2.23
2.66
3.9
1.24
2.44
3.36
1.24
1.11
3.74
1.68
1.45
2.46
1.87
1.86
1.23
1.55
3.41
3.07
1.79
3.98
3.79
1.69
2.38
1
3.49
3.14
1.93
2.27
2.6
3.54
1.5
3.57
3.33
1.72
2.16
