3.8
10.64
17.97
27.5
35.37
40.18
46.77
54.23
61.87
69.99
79.12
85.72
90.9
96.1
103.86
110.33
117.61
124.65
133.04
139.53
147.22
155.51
162.76
169.2
176.83
184.34
192.23
197.17
202.42
209.97
217.93
224.19
231.14
237.35
243.9
251.55
259.11
265.54
274.81
282.31
290.49
297.83
305.08
311.82
316.93
322.08
328.19
337.16
344.92
352.58
360.35
366.22
375.1
380.13
388.33
397.06
404.33
410.06
416.25
421.9
430.8
437.74
444.52
451.41
456.72
464.23
468.57
477.29
484.76
493.3
500.87
507.39
514.35
520.24
526.79
535.22
541.88
548.74
554.87
559.93
565.42
573.45
582.43
587.86
595.04
601.94
611.03
617.34
625.96
634
641.59
648.82
656.96
663.8
672.8
680.58
686.05
693.68
699.78
707.25
714.4
720.61
725.96
733.21
738.37
747.4
753.99
763.29
770.16
779.88
785.69
791.16
799.46
805.76
811.15
818.75
824.26
831.32
839.46
846.41
852.69
861.16
866.84
872.76
878.54
887.66
895.87
903.13
908.2
914.82
923.19
928.97
937.44
942.13
950.25
954.95
960.43
965.84
971.19
977.16
983.55
991.77
997.03
1002.41
1007.27
1012.61
1019.94
1026.44
1032.78
1037.29
1046.1
1051.86
1058.37
1065.87
1072.52
1078.14
1085.24
1092.2
1097.94
1105.91
1113.77
1119.93
1129.49
1138.79
1145.94
1155.19
1161.27
1167.94
1174.36
1180.58
1190.46
1196.62
1203.8
1210.02
1215.65
1223.29
1229.83
1238.02
1245.41
1252.32
1258.07
1265.58
1272.17
1278.89
1287.1
1293.8
1302.28
1307.64
1313.9
1321.02
1327.79
1335.45
1343.09
1350.2
1357.04
1364.37
1371.58
1377.56
1384.58
1390.57
1396.99
1404.41
1413.93
1421.21
1427.58
1437.38
1444.69
1453.19
1460.1
1467.11
1474.88
1482.41
1487.87
1493.35
1502.67
1512.12
1517.48
1523.41
1532.04
1537.65
1544.53
1550.91
1557.53
1563.9
1571.1
1578.2
1584.64
1589.31
1597.01
1605.78
1610.46
1615.9
1622
1630.97
1636.89
1644.34
1653.35
1658.89
1666.2
1673
1681.36
1688.38
1696.99
1703.07
1709.71
1714.18
1721.88
1727.57
1734.25
1742.34
1748.17
1756.2
1763.61
1771.73
1780.55
1788.77
1794.19
1802.52
1809.02
1815.66
1824.06
1831.24
1836.78
1845.97
1855.12
1863.92
1869.02
1874.2
1879.44
1884.97
1892.03
1900.86
1906.44
1913.78
1920.61
1929.42
1935.17
1944.2
1949.63
1956.24
1964.69
1970.12
1979.03
1985.84
1992.61
1999.96
2005.98
2012.74
2020.32
2028.07
2035.32
2044.11
2050.01
2055.49
2063.96
2071.75
2078.81
2087.26
2094.65
2101.28
2109.07
2116.3
2125.48
2133.45
2141.48
2148.6
2155.24
2163
2168.68
2175.58
2182.31
2188.57
2193.95
2200.58
2207.94
2217.32
2223.37
2231.22
2236.46
2242.72
2251.43
2259.14
2266.13
2270.89
2279.54
2288.4
2296.02
2302.9
2307.77
2315.78
2323.5
2330.07
2337.01
2345.51
2351.22
2359.53
2367.58
2374.67
2381.02
2386.28
2393.42
2400.18
2407.52
2414.2
2419.52
2426.52
2434.5
2441.57
2449.62
2457.03
2465.24
2474.19
2482.16
2487.65
2496.07
2504.38
2510.15
2517.81
2523.18
2528.89
2535.2
2543.73
2550.64
2558.19
2565.22
2571.56
2579.45
2585.74
2591.48
2598.23
2603.41
2610.87
2616.3
2622.86
2629.73
2637.25
2645.61
2651.33
2657.21
2664.77
2672.45
2679.52
2684.67
2690.86
2699.67
2707.23
2713.74
2722.63
2728.01
2734.9
2744.62
2752.95
2760.96
2767.32
2773.57
2778.24
2785.24
2791.82
2798.41
2806.38
2814
2821.01
2828.07
2835.14
2843
2848.16
2854.39
2862.42
2870.84
2878.32
2885.52
2893.41
2902.48
2907.25
2913.27
2921.55
2930.82
2938.36
2944.32
2953.81
2962.1
2967.22
2974.11
2979.53
2987.61
2995.51
3001.89
3009.48
3014.37
3021.27
3026.03
3032.9
3037.19
3043.85
3051.91
3057.4
3066.76
3072.9
3077.71
3085.29
3093.26
3102.98
3111.16
3119.92
3127.69
3132.68
3137.14
3142.19
3148.33
3152.47
3159.45
3166.57
3171.81
3176.18
3180.84
3186.54
3194.99
3199.24
3205.04
3213.31
3220.95
3230.81
3237.61
3246.25
3252.63
3259.75
3267.25
3274.28
3283.32
3291.29
3296.85
3303.77
3310.37
3317.63
3326.63
3333.37
3339.83
3348.23
3355.67
3361.7
3366.81
3372.52
3379.3
3385.1
3394.75
3403.93
3410.85
3418.18
3422.45
3430.38
3437.19
3444.64
3450.4
3457.46
3465.44
3471.42
3478.6
3483.61
3491.85
3497.27
3503.66
3510.86
3518.08
3523.71
3531.97
3540.76
3546.54
3554.72
3564.04
3569.33
3574.15
3581.13
3588.16
3596.01
3601.86
3609.75
3616.17
3625.01
3630.67
3638.86
3644.01
3650.34
3656.4
3663.37
3669.74
3676.7
3683.63
3692.99
3699.74
3706.62
3711.21
3720.63
3726.71
3734.48
3741.81
3747.86
3753.73
3761.64
3769.34
3774.56
3780.73
3787.74
3793.93
3801.9
3808.96
3815.62
3822.49
3829.5
3835.86
3843.47
3852.33
3858.32
3863.09
3870.05
3878.14
3883.98
3890.08
3898.52
3904.96
3912.08
3918.74
3926.6
3935.38
3942.93
3949.09
3956.67
3962.21
3968.74
3974.07
3982.5
3988.24
3995.52
4002.38
4008.91
4016.15
4022.97
4029.36
4038.89
4043.71
4048.75
4054.16
4060.71
4068.53
4076.52
4083.4
4090.24
4097.86
4105.27
4111.43
4118.47
4123.74
4130.11
4138.02
4142.99
4148.88
4155.42
4162.85
4169.77
4179.09
4185.98
4191.22
4200.24
4208.36
4217.02
4224.94
4231.35
4237.76
4243.83
4253.59
4259.47
4265.26
4271.44
4278.95
4283.59
4291.63
4298.24
4304.33
4308.5
4316.35
4322.97
4330.28
4335.9
4343.68
4353.37
4362.01
4366.62
4373.28
4381.2
4386.87
4395.13
4399.69
4406.86
4413.73
4420.43
4427.42
4433.05
4440.5
4449.13
4455.66
4464.21
4471.02
4477.91
4486.43
4491.97
4499.47
4504.78
4513.89
4519.43
4526.09
4532.79
4538.42
4543.52
4553.35
4559.86
4567.21
4572.52
4579.33
4587.42
4594.19
4600.96
4608.18
4615
4620.6
4627.18
4631.51
4639.17
4646.08
4653.83
4661.24
4670.93
4676.14
4683.3
4688.57
4693.28
4700.15
4706.32
4711.28
4717.16
4724.59
4729.37
4738.72
4745.79
4751.66
4758.27
4763.76
4770.46
4775.59
4783.14
4792.31
4799.28
4807.52
4814.83
4819.68
4825.34
4834
4841.25
4846.01
4855.02
4862.09
4869.84
4876.72
4885.59
4892.11
4900.03
4904.57
4909.32
4914.72
4921.42
4929.78
4937.82
4945.79
4954.54
4960.52
4964.89
4971.5
4977.94
4985.58
4993.59
5000.68
5010.07
5016.91
5022.9
5031.84
5038.03
5043.48
5051.2
5056.09
5064.54
5070.97
5076.12
5083.26
5091.08
5096.51
5101.9
5110.41
5115.81
5124.77
5130.48
5138.47
5145.78
5151.97
5156.35
5164.25
5171.85
5178.48
5185.36
5192.4
5198.91
5207.82
5217.36
5222.97
5230.19
5236.11
5243.5
5249.89
5255.78
5264.67
5273.73
5281.27
5287.25
5294
5302.77
5309.99
5317.84
5326.1
5335.84
5342.91
5349.82
5355.89
5362.09
5368.72
5372.87
5381.99
5390
5396.85
5403.31
5410.18
5416.57
5424.17
5433.71
5440.64
5449.57
5454.3
5462.82
5471.87
5477.22
5484.9
5492.74
5501.94
5506.99
5514.94
5524.44
5532.6
5540.83
5547.39
5553.54
5561.45
5566.2
5570.54
5577.9
5582.55
5586.79
5596.06
5602.09
5607.83
5613.5
5620.6
5629.22
5638.17
5643.27
5651.86
5659.82
5666.35
5673
5681.02
5690.32
5697.68
5702.08
5707.76
5714.09
5719.48
5728.26
5735.26
5741.89
5748.39
5756.81
5761.29
5769.25
5775.63
5782.95
5788.64
5796.96
5804.76
5812.48
5819.84
5827.24
5836.85
5843.01
5849.57
5856.73
5864.03
5869.97
5879.46
5887.25
5895.03
5903.64
5911.85
5918.31
5923.06
5931.24
5937.43
5945.74
5950.56
5955.12
5962.14
5967.49
5972.77
5978.04
5985.85
5991.24
5999.23
6006.7
6014.34
6020.79
6029.61
6038.79
6044.4
6050.62
6058.67
6065.56
6072.53
6081.39
6087.47
6092.7
6100.3
6107.23
6114.73
6121.84
6127.83
6134.2
6141.04
6148.73
6155.69
6163.17
6171.73
6179.8
6185.45
6192.99
6197.82
6203.86
6210.27
6216.13
6223.93
6229.03
6235.83
6244.11
6250.57
6259.04
6264.57
6270.01
6275.02
6281.82
6289.24
6295.09
6304.21
6309.76
6316.68
6322.61
6329.36
6336.87
6344.34
6351.76
6357.72
6365.11
6373.3
6380.21
6388.25
6396.96
6403.74
6412.29
6418.82
6428.41
6437.22
6441.81
6449.28
6454.38
6459.2
6467.04
6476.15
6484.99
6493.44
6500
6507.36
6512.11
6519.73
6528.47
6535.62
6542.24
6548.08
6553.36
6560.53
6569.21
6576.67
6583.21
6588.21
6595.27
6603.17
6610.5
6617.7
6623.81
6631.78
6637.36
6646.12
6652.78
6660.73
6667.44
6675.19
6681.63
6686.59
6693.48
6698.36
6706.82
6712.72
6720.54
6727.01
6733.81
6741.82
6747.52
6756.73
6762.07
6769.54
6778.33
6783.08
6787.91
6794.65
6799.83
6806.22
6813.76
6821.57
6828.01
6834.28
6840.42
6847.77
6856.16
6862.99
6871.62
6879.03
6885.17
6892.9
6899.15
6906.58
6913.48
6920.5
6928.33
6935.57
6943.24
6948.31
6955.89
6962.43
6967.88
