4.22 0.1 1
6.17 0.1 1
10.24 0.1 1
12.1 0.1 1
17.97 0.1 1
20.14 0.1 1
22.07 0.1 1
23.99 0.1 1
25.93 0.1 1
33.88 0.1 1
35.88 0.1 1
37.81 0.1 1
41.85 0.1 1
45.87 0.1 1
47.88 0.1 1
49.77 0.1 1
51.68 0.1 1
57.72 0.1 1
67.64 0.1 1
69.67 0.1 1
71.61 0.1 1
73.49 0.1 1
77.58 0.1 1
79.53 0.1 1
81.43 0.1 1
85.6 0.1 1
87.4 0.1 1
89.56 0.1 1
91.37 0.1 1
95.43 0.1 1
107.27 0.1 1
121.11 0.1 1
125.21 0.1 1
127.16 0.1 1
131.05 0.1 1
133.16 0.1 1
135.15 0.1 1
137.15 0.1 1
139.02 0.1 1
145 0.1 1
146.95 0.1 1
151.02 0.1 1
152.84 0.1 1
154.84 0.1 1
162.86 0.1 1
166.71 0.1 1
168.83 0.1 1
170.88 0.1 1
172.86 0.1 1
176.76 0.1 1
182.72 0.1 1
184.63 0.1 1
190.69 0.1 1
194.62 0.1 1
198.5 0.1 1
202.46 0.1 1
208.39 0.1 1
214.41 0.1 1
218.33 0.1 1
224.35 0.1 1
228.37 0.1 1
238.24 0.1 1
244.1 0.1 1
246.07 0.1 1
250.01 0.1 1
258.03 0.1 1
259.96 0.1 1
262.11 0.1 1
264.05 0.1 1
265.88 0.1 1
269.85 0.1 1
273.95 0.1 1
275.95 0.1 1
279.9 0.1 1
285.87 0.1 1
289.85 0.1 1
295.82 0.1 1
297.76 0.1 1
299.71 0.1 1
301.62 0.1 1
303.59 0.1 1
305.71 0.1 1
307.71 0.1 1
309.6 0.1 1
325.4 0.1 1
327.55 0.1 1
331.39 0.1 1
333.4 0.1 1
337.4 0.1 1
341.37 0.1 1
349.19 0.1 1
355.21 0.1 1
359.3 0.1 1
361.18 0.1 1
363.28 0.1 1
365.15 0.1 1
371.12 0.1 1
375 0.1 1
377.07 0.1 1
385.01 0.1 1
392.84 0.1 1
394.88 0.1 1
400.86 0.1 1
402.91 0.1 1
410.87 0.1 1
412.65 0.1 1
414.82 0.1 1
424.6 0.1 1
426.74 0.1 1
438.59 0.1 1
440.58 0.1 1
442.61 0.1 1
446.48 0.1 1
448.43 0.1 1
458.42 0.1 1
462.28 0.1 1
466.42 0.1 1
468.34 0.1 1
474.25 0.1 1
480.21 0.1 1
482.16 0.1 1
484.09 0.1 1
486.18 0.1 1
492.16 0.1 1
494.03 0.1 1
496.08 0.1 1
499.96 0.1 1
504.03 0.1 1
