4.26 0.1 1
6.1 0.1 1
10.18 0.1 1
12.22 0.1 1
18.12 0.1 1
20.05 0.1 1
21.97 0.1 1
24.09 0.1 1
26.07 0.1 1
33.86 0.1 1
36.01 0.1 1
37.86 0.1 1
41.9 0.1 1
45.91 0.1 1
47.75 0.1 1
49.73 0.1 1
51.77 0.1 1
57.75 0.1 1
67.69 0.1 1
69.57 0.1 1
71.64 0.1 1
73.54 0.1 1
77.51 0.1 1
79.46 0.1 1
81.61 0.1 1
85.43 0.1 1
87.59 0.1 1
89.58 0.1 1
91.43 0.1 1
95.41 0.1 1
107.33 0.1 1
121.21 0.1 1
125.26 0.1 1
127.09 0.1 1
131.21 0.1 1
133.16 0.1 1
135.06 0.1 1
137.18 0.1 1
139.05 0.1 1
144.97 0.1 1
147.08 0.1 1
150.97 0.1 1
153.02 0.1 1
154.84 0.1 1
162.91 0.1 1
166.94 0.1 1
168.79 0.1 1
170.76 0.1 1
172.72 0.1 1
176.83 0.1 1
182.81 0.1 1
184.71 0.1 1
190.75 0.1 1
194.68 0.1 1
198.55 0.1 1
202.54 0.1 1
208.56 0.1 1
214.41 0.1 1
218.41 0.1 1
224.31 0.1 1
228.34 0.1 1
238.35 0.1 1
244.1 0.1 1
246.12 0.1 1
250.12 0.1 1
258.11 0.1 1
260.16 0.1 1
262.16 0.1 1
263.99 0.1 1
265.94 0.1 1
270.06 0.1 1
273.89 0.1 1
275.88 0.1 1
279.95 0.1 1
285.87 0.1 1
289.88 0.1 1
295.69 0.1 1
297.77 0.1 1
299.79 0.1 1
301.64 0.1 1
303.7 0.1 1
305.64 0.1 1
307.69 0.1 1
309.66 0.1 1
325.48 0.1 1
327.53 0.1 1
331.6 0.1 1
333.55 0.1 1
337.4 0.1 1
341.33 0.1 1
349.31 0.1 1
355.24 0.1 1
359.18 0.1 1
361.21 0.1 1
363.14 0.1 1
365.31 0.1 1
371.11 0.1 1
375.16 0.1 1
377.15 0.1 1
385 0.1 1
393.07 0.1 1
395 0.1 1
401.01 0.1 1
402.82 0.1 1
410.84 0.1 1
412.89 0.1 1
414.78 0.1 1
424.75 0.1 1
426.73 0.1 1
438.74 0.1 1
440.65 0.1 1
442.59 0.1 1
446.66 0.1 1
448.49 0.1 1
458.54 0.1 1
462.51 0.1 1
466.4 0.1 1
468.48 0.1 1
474.32 0.1 1
480.3 0.1 1
482.22 0.1 1
484.29 0.1 1
486.25 0.1 1
492.14 0.1 1
494.11 0.1 1
496.19 0.1 1
500.03 0.1 1
504.08 0.1 1
