4.14 0.1 1
6.16 0.1 1
10.06 0.1 1
12.21 0.1 1
18.13 0.1 1
20.03 0.1 1
21.97 0.1 1
23.95 0.1 1
25.95 0.1 1
33.92 0.1 1
35.97 0.1 1
37.87 0.1 1
41.79 0.1 1
45.86 0.1 1
47.88 0.1 1
49.86 0.1 1
51.81 0.1 1
57.66 0.1 1
67.73 0.1 1
69.73 0.1 1
71.7 0.1 1
73.57 0.1 1
77.54 0.1 1
79.52 0.1 1
81.5 0.1 1
85.59 0.1 1
87.54 0.1 1
89.41 0.1 1
91.44 0.1 1
95.46 0.1 1
107.33 0.1 1
121.15 0.1 1
125.22 0.1 1
127.25 0.1 1
131.27 0.1 1
133.22 0.1 1
135.21 0.1 1
137.21 0.1 1
139.06 0.1 1
144.99 0.1 1
147.13 0.1 1
151 0.1 1
153.08 0.1 1
155.01 0.1 1
162.88 0.1 1
166.84 0.1 1
168.92 0.1 1
170.92 0.1 1
172.75 0.1 1
176.84 0.1 1
182.66 0.1 1
184.81 0.1 1
190.78 0.1 1
194.58 0.1 1
198.66 0.1 1
202.56 0.1 1
208.62 0.1 1
214.52 0.1 1
218.4 0.1 1
224.51 0.1 1
228.47 0.1 1
238.29 0.1 1
244.25 0.1 1
246.18 0.1 1
250.26 0.1 1
258.22 0.1 1
260.19 0.1 1
262.05 0.1 1
264.15 0.1 1
266.09 0.1 1
270.02 0.1 1
274.01 0.1 1
276.04 0.1 1
279.98 0.1 1
285.83 0.1 1
289.91 0.1 1
295.8 0.1 1
297.82 0.1 1
299.83 0.1 1
301.78 0.1 1
303.7 0.1 1
305.83 0.1 1
307.69 0.1 1
309.77 0.1 1
325.56 0.1 1
327.59 0.1 1
331.61 0.1 1
333.48 0.1 1
337.5 0.1 1
341.35 0.1 1
349.42 0.1 1
355.37 0.1 1
359.27 0.1 1
361.36 0.1 1
363.17 0.1 1
365.14 0.1 1
371.16 0.1 1
375.23 0.1 1
377.11 0.1 1
385.03 0.1 1
393.05 0.1 1
394.88 0.1 1
400.9 0.1 1
402.87 0.1 1
410.91 0.1 1
412.74 0.1 1
414.92 0.1 1
424.8 0.1 1
426.81 0.1 1
438.63 0.1 1
440.53 0.1 1
442.53 0.1 1
446.67 0.1 1
448.52 0.1 1
458.37 0.1 1
462.51 0.1 1
466.43 0.1 1
468.39 0.1 1
474.25 0.1 1
480.2 0.1 1
482.21 0.1 1
484.3 0.1 1
486.2 0.1 1
492.08 0.1 1
494.19 0.1 1
496.05 0.1 1
500.09 0.1 1
504.09 0.1 1
