4.09 0.1 1
6.25 0.1 1
10.08 0.1 1
12.16 0.1 1
18.05 0.1 1
20.15 0.1 1
21.98 0.1 1
23.93 0.1 1
25.97 0.1 1
33.95 0.1 1
35.97 0.1 1
37.86 0.1 1
41.81 0.1 1
45.88 0.1 1
47.89 0.1 1
49.76 0.1 1
51.73 0.1 1
57.76 0.1 1
67.6 0.1 1
69.6 0.1 1
71.53 0.1 1
73.69 0.1 1
77.5 0.1 1
79.64 0.1 1
81.5 0.1 1
85.59 0.1 1
87.59 0.1 1
89.59 0.1 1
91.54 0.1 1
95.53 0.1 1
107.25 0.1 1
121.19 0.1 1
125.12 0.1 1
127.14 0.1 1
131.06 0.1 1
133.04 0.1 1
135.19 0.1 1
137.16 0.1 1
138.99 0.1 1
145.09 0.1 1
146.96 0.1 1
151.06 0.1 1
152.91 0.1 1
155.06 0.1 1
162.85 0.1 1
166.85 0.1 1
168.82 0.1 1
170.92 0.1 1
172.85 0.1 1
176.87 0.1 1
182.68 0.1 1
184.74 0.1 1
190.59 0.1 1
194.66 0.1 1
198.55 0.1 1
202.67 0.1 1
208.52 0.1 1
214.45 0.1 1
218.5 0.1 1
224.39 0.1 1
228.28 0.1 1
238.19 0.1 1
244.33 0.1 1
246.15 0.1 1
250.22 0.1 1
258.14 0.1 1
260.02 0.1 1
262.19 0.1 1
264.14 0.1 1
266.07 0.1 1
270.09 0.1 1
274.01 0.1 1
275.98 0.1 1
279.91 0.1 1
286.01 0.1 1
289.78 0.1 1
295.92 0.1 1
297.92 0.1 1
299.88 0.1 1
301.77 0.1 1
303.8 0.1 1
305.77 0.1 1
307.79 0.1 1
309.74 0.1 1
325.49 0.1 1
327.48 0.1 1
331.44 0.1 1
333.63 0.1 1
337.6 0.1 1
341.52 0.1 1
349.32 0.1 1
355.29 0.1 1
359.32 0.1 1
361.32 0.1 1
363.19 0.1 1
365.37 0.1 1
371.26 0.1 1
375.16 0.1 1
377.13 0.1 1
385.1 0.1 1
393.03 0.1 1
394.95 0.1 1
400.92 0.1 1
402.89 0.1 1
410.84 0.1 1
412.88 0.1 1
414.81 0.1 1
424.71 0.1 1
426.88 0.1 1
438.75 0.1 1
440.67 0.1 1
442.63 0.1 1
446.67 0.1 1
448.69 0.1 1
458.61 0.1 1
462.49 0.1 1
466.53 0.1 1
468.48 0.1 1
474.41 0.1 1
480.25 0.1 1
482.38 0.1 1
484.33 0.1 1
486.22 0.1 1
492.3 0.1 1
494.24 0.1 1
496.25 0.1 1
500.21 0.1 1
504.24 0.1 1
