4.08 0.1 1
6.25 0.1 1
10.12 0.1 1
12.2 0.1 1
17.99 0.1 1
20.04 0.1 1
22.12 0.1 1
23.99 0.1 1
26.04 0.1 1
33.84 0.1 1
35.93 0.1 1
37.91 0.1 1
41.83 0.1 1
45.92 0.1 1
47.77 0.1 1
49.83 0.1 1
51.8 0.1 1
57.74 0.1 1
67.76 0.1 1
69.59 0.1 1
71.56 0.1 1
73.64 0.1 1
77.54 0.1 1
79.64 0.1 1
81.44 0.1 1
85.46 0.1 1
87.4 0.1 1
89.43 0.1 1
91.5 0.1 1
95.48 0.1 1
107.42 0.1 1
121.18 0.1 1
125.16 0.1 1
127.26 0.1 1
131.05 0.1 1
133.08 0.1 1
135.05 0.1 1
137.01 0.1 1
138.98 0.1 1
145.02 0.1 1
146.97 0.1 1
151.02 0.1 1
153.04 0.1 1
155.02 0.1 1
162.86 0.1 1
166.74 0.1 1
168.83 0.1 1
170.86 0.1 1
172.73 0.1 1
176.81 0.1 1
182.7 0.1 1
184.7 0.1 1
190.55 0.1 1
194.57 0.1 1
198.64 0.1 1
202.52 0.1 1
208.54 0.1 1
214.51 0.1 1
218.33 0.1 1
224.4 0.1 1
228.35 0.1 1
238.2 0.1 1
244.27 0.1 1
246.17 0.1 1
250.07 0.1 1
258.03 0.1 1
260.01 0.1 1
262.14 0.1 1
263.96 0.1 1
266.08 0.1 1
270.05 0.1 1
273.92 0.1 1
275.96 0.1 1
279.93 0.1 1
285.92 0.1 1
289.84 0.1 1
295.77 0.1 1
297.86 0.1 1
299.67 0.1 1
301.69 0.1 1
303.66 0.1 1
305.81 0.1 1
307.63 0.1 1
309.61 0.1 1
325.6 0.1 1
327.63 0.1 1
331.57 0.1 1
333.4 0.1 1
337.54 0.1 1
341.49 0.1 1
349.29 0.1 1
355.34 0.1 1
359.23 0.1 1
361.33 0.1 1
363.28 0.1 1
365.28 0.1 1
371.25 0.1 1
375.05 0.1 1
377.08 0.1 1
385.02 0.1 1
392.97 0.1 1
394.89 0.1 1
400.88 0.1 1
403.01 0.1 1
410.95 0.1 1
412.75 0.1 1
414.92 0.1 1
424.72 0.1 1
426.64 0.1 1
438.66 0.1 1
440.61 0.1 1
442.56 0.1 1
446.64 0.1 1
448.59 0.1 1
458.37 0.1 1
462.47 0.1 1
466.38 0.1 1
468.4 0.1 1
474.35 0.1 1
480.32 0.1 1
482.36 0.1 1
484.34 0.1 1
486.31 0.1 1
492.11 0.1 1
494.16 0.1 1
496.21 0.1 1
500.05 0.1 1
504.05 0.1 1
