4.18 0.1 1
6.2 0.1 1
10.04 0.1 1
12.1 0.1 1
18.14 0.1 1
20.12 0.1 1
22.14 0.1 1
23.94 0.1 1
25.91 0.1 1
34.01 0.1 1
35.96 0.1 1
38 0.1 1
41.78 0.1 1
45.77 0.1 1
47.87 0.1 1
49.83 0.1 1
51.87 0.1 1
57.77 0.1 1
67.57 0.1 1
69.58 0.1 1
71.66 0.1 1
73.56 0.1 1
77.53 0.1 1
79.61 0.1 1
81.61 0.1 1
85.5 0.1 1
87.58 0.1 1
89.47 0.1 1
91.37 0.1 1
95.38 0.1 1
107.41 0.1 1
121.24 0.1 1
125.18 0.1 1
127.14 0.1 1
131.21 0.1 1
133.08 0.1 1
135.22 0.1 1
137.1 0.1 1
139.1 0.1 1
145.03 0.1 1
146.97 0.1 1
150.95 0.1 1
152.91 0.1 1
154.85 0.1 1
162.79 0.1 1
166.91 0.1 1
168.84 0.1 1
170.86 0.1 1
172.71 0.1 1
176.68 0.1 1
182.68 0.1 1
184.58 0.1 1
190.62 0.1 1
194.69 0.1 1
198.57 0.1 1
202.54 0.1 1
208.54 0.1 1
214.46 0.1 1
218.48 0.1 1
224.31 0.1 1
228.31 0.1 1
238.35 0.1 1
244.24 0.1 1
246.09 0.1 1
250.22 0.1 1
258.18 0.1 1
260.06 0.1 1
262.06 0.1 1
263.94 0.1 1
265.91 0.1 1
269.91 0.1 1
273.98 0.1 1
276 0.1 1
279.92 0.1 1
285.82 0.1 1
289.75 0.1 1
295.74 0.1 1
297.72 0.1 1
299.76 0.1 1
301.76 0.1 1
303.79 0.1 1
305.76 0.1 1
307.61 0.1 1
309.56 0.1 1
325.48 0.1 1
327.55 0.1 1
331.52 0.1 1
333.39 0.1 1
337.47 0.1 1
341.41 0.1 1
349.21 0.1 1
355.33 0.1 1
359.18 0.1 1
361.16 0.1 1
363.23 0.1 1
365.1 0.1 1
371.13 0.1 1
375.04 0.1 1
377.07 0.1 1
385.07 0.1 1
392.99 0.1 1
394.93 0.1 1
400.99 0.1 1
402.88 0.1 1
410.83 0.1 1
412.8 0.1 1
414.68 0.1 1
424.8 0.1 1
426.65 0.1 1
438.62 0.1 1
440.57 0.1 1
442.46 0.1 1
446.43 0.1 1
448.48 0.1 1
458.51 0.1 1
462.42 0.1 1
466.45 0.1 1
468.4 0.1 1
474.35 0.1 1
480.22 0.1 1
482.31 0.1 1
484.29 0.1 1
486.11 0.1 1
492.14 0.1 1
494.24 0.1 1
496.14 0.1 1
500.11 0.1 1
504.13 0.1 1
