4.19 0.1 1
6.18 0.1 1
10.24 0.1 1
12.08 0.1 1
18.05 0.1 1
19.98 0.1 1
21.95 0.1 1
24.07 0.1 1
25.92 0.1 1
33.99 0.1 1
36.04 0.1 1
37.84 0.1 1
41.81 0.1 1
45.84 0.1 1
47.92 0.1 1
49.88 0.1 1
51.83 0.1 1
57.66 0.1 1
67.77 0.1 1
69.57 0.1 1
71.72 0.1 1
73.55 0.1 1
77.67 0.1 1
79.49 0.1 1
81.54 0.1 1
85.52 0.1 1
87.42 0.1 1
89.41 0.1 1
91.39 0.1 1
95.51 0.1 1
107.35 0.1 1
121.23 0.1 1
125.14 0.1 1
127.25 0.1 1
131.06 0.1 1
133.22 0.1 1
135.21 0.1 1
137.11 0.1 1
139.03 0.1 1
145.13 0.1 1
147.11 0.1 1
150.91 0.1 1
153.01 0.1 1
155 0.1 1
162.85 0.1 1
166.87 0.1 1
168.77 0.1 1
170.84 0.1 1
172.82 0.1 1
176.82 0.1 1
182.77 0.1 1
184.79 0.1 1
190.61 0.1 1
194.73 0.1 1
198.7 0.1 1
202.56 0.1 1
208.63 0.1 1
214.44 0.1 1
218.45 0.1 1
224.42 0.1 1
228.29 0.1 1
238.29 0.1 1
244.26 0.1 1
246.16 0.1 1
250.23 0.1 1
258.18 0.1 1
260.22 0.1 1
262.04 0.1 1
264.19 0.1 1
266.17 0.1 1
269.99 0.1 1
273.97 0.1 1
275.94 0.1 1
279.91 0.1 1
285.98 0.1 1
289.91 0.1 1
295.9 0.1 1
297.78 0.1 1
299.87 0.1 1
301.68 0.1 1
303.75 0.1 1
305.75 0.1 1
307.72 0.1 1
309.67 0.1 1
325.61 0.1 1
327.49 0.1 1
331.53 0.1 1
333.56 0.1 1
337.53 0.1 1
341.36 0.1 1
349.4 0.1 1
355.4 0.1 1
359.37 0.1 1
361.25 0.1 1
363.19 0.1 1
365.36 0.1 1
371.11 0.1 1
375.11 0.1 1
377.18 0.1 1
385 0.1 1
392.93 0.1 1
394.92 0.1 1
400.97 0.1 1
402.89 0.1 1
410.87 0.1 1
412.77 0.1 1
414.96 0.1 1
424.8 0.1 1
426.85 0.1 1
438.62 0.1 1
440.65 0.1 1
442.65 0.1 1
446.57 0.1 1
448.5 0.1 1
458.42 0.1 1
462.43 0.1 1
466.39 0.1 1
468.51 0.1 1
474.35 0.1 1
480.42 0.1 1
482.42 0.1 1
484.33 0.1 1
486.25 0.1 1
492.24 0.1 1
494.12 0.1 1
496.29 0.1 1
500.15 0.1 1
504.19 0.1 1
