4.22 0.1 1
6.17 0.1 1
10.05 0.1 1
12.02 0.1 1
18.05 0.1 1
19.97 0.1 1
22.09 0.1 1
24.12 0.1 1
26.02 0.1 1
33.84 0.1 1
35.96 0.1 1
37.84 0.1 1
41.93 0.1 1
45.85 0.1 1
47.93 0.1 1
49.83 0.1 1
51.77 0.1 1
57.8 0.1 1
67.69 0.1 1
69.56 0.1 1
71.67 0.1 1
73.71 0.1 1
77.54 0.1 1
79.61 0.1 1
81.48 0.1 1
85.6 0.1 1
87.61 0.1 1
89.45 0.1 1
91.4 0.1 1
95.43 0.1 1
107.4 0.1 1
121.19 0.1 1
125.26 0.1 1
127.09 0.1 1
131.16 0.1 1
133.15 0.1 1
135.15 0.1 1
137.15 0.1 1
139.2 0.1 1
145.08 0.1 1
147.03 0.1 1
150.97 0.1 1
153.07 0.1 1
155.04 0.1 1
162.94 0.1 1
166.79 0.1 1
168.78 0.1 1
170.88 0.1 1
172.73 0.1 1
176.83 0.1 1
182.75 0.1 1
184.73 0.1 1
190.58 0.1 1
194.65 0.1 1
198.69 0.1 1
202.59 0.1 1
208.47 0.1 1
214.49 0.1 1
218.54 0.1 1
224.3 0.1 1
228.47 0.1 1
238.27 0.1 1
244.24 0.1 1
246.27 0.1 1
250.09 0.1 1
258.04 0.1 1
260.13 0.1 1
262.08 0.1 1
264.06 0.1 1
266.03 0.1 1
270.13 0.1 1
274.06 0.1 1
276.07 0.1 1
279.92 0.1 1
286 0.1 1
289.87 0.1 1
295.91 0.1 1
297.76 0.1 1
299.86 0.1 1
301.76 0.1 1
303.73 0.1 1
305.69 0.1 1
307.71 0.1 1
309.81 0.1 1
325.62 0.1 1
327.63 0.1 1
331.55 0.1 1
333.54 0.1 1
337.42 0.1 1
341.39 0.1 1
349.48 0.1 1
355.26 0.1 1
359.36 0.1 1
361.36 0.1 1
363.28 0.1 1
365.23 0.1 1
371.2 0.1 1
375.22 0.1 1
377.07 0.1 1
385.19 0.1 1
393.11 0.1 1
394.94 0.1 1
400.94 0.1 1
403.03 0.1 1
410.9 0.1 1
412.93 0.1 1
414.9 0.1 1
424.84 0.1 1
426.67 0.1 1
438.61 0.1 1
440.56 0.1 1
442.68 0.1 1
446.51 0.1 1
448.61 0.1 1
458.5 0.1 1
462.55 0.1 1
466.37 0.1 1
468.54 0.1 1
474.34 0.1 1
480.41 0.1 1
482.27 0.1 1
484.28 0.1 1
486.38 0.1 1
492.28 0.1 1
494.18 0.1 1
496.15 0.1 1
500.21 0.1 1
504.22 0.1 1
