4.26 0.1 1
6.24 0.1 1
10.11 0.1 1
12.03 0.1 1
18 0.1 1
20.03 0.1 1
21.95 0.1 1
24.03 0.1 1
26.12 0.1 1
33.92 0.1 1
35.84 0.1 1
37.94 0.1 1
41.91 0.1 1
45.79 0.1 1
47.91 0.1 1
49.93 0.1 1
51.73 0.1 1
57.78 0.1 1
67.68 0.1 1
69.58 0.1 1
71.68 0.1 1
73.53 0.1 1
77.52 0.1 1
79.64 0.1 1
81.62 0.1 1
85.56 0.1 1
87.57 0.1 1
89.56 0.1 1
91.46 0.1 1
95.41 0.1 1
107.36 0.1 1
121.28 0.1 1
125.17 0.1 1
127.17 0.1 1
131.21 0.1 1
133.07 0.1 1
135.04 0.1 1
137.19 0.1 1
139.03 0.1 1
145.13 0.1 1
146.93 0.1 1
150.91 0.1 1
153 0.1 1
155 0.1 1
162.87 0.1 1
166.97 0.1 1
168.85 0.1 1
170.84 0.1 1
172.87 0.1 1
176.75 0.1 1
182.84 0.1 1
184.64 0.1 1
190.58 0.1 1
194.66 0.1 1
198.6 0.1 1
202.63 0.1 1
208.45 0.1 1
214.52 0.1 1
218.39 0.1 1
224.46 0.1 1
228.42 0.1 1
238.28 0.1 1
244.33 0.1 1
246.26 0.1 1
250.2 0.1 1
258.13 0.1 1
260.02 0.1 1
262.1 0.1 1
263.99 0.1 1
266.14 0.1 1
270.02 0.1 1
273.97 0.1 1
275.89 0.1 1
279.89 0.1 1
286.01 0.1 1
289.9 0.1 1
295.81 0.1 1
297.92 0.1 1
299.7 0.1 1
301.73 0.1 1
303.72 0.1 1
305.69 0.1 1
307.79 0.1 1
309.79 0.1 1
325.63 0.1 1
327.66 0.1 1
331.44 0.1 1
333.45 0.1 1
337.46 0.1 1
341.48 0.1 1
349.45 0.1 1
355.39 0.1 1
359.36 0.1 1
361.41 0.1 1
363.24 0.1 1
365.21 0.1 1
371.18 0.1 1
375.18 0.1 1
377.08 0.1 1
385.12 0.1 1
393.03 0.1 1
395.07 0.1 1
401.09 0.1 1
402.89 0.1 1
410.87 0.1 1
412.94 0.1 1
414.79 0.1 1
424.75 0.1 1
426.8 0.1 1
438.72 0.1 1
440.67 0.1 1
442.75 0.1 1
446.59 0.1 1
448.67 0.1 1
458.49 0.1 1
462.48 0.1 1
466.41 0.1 1
468.55 0.1 1
474.4 0.1 1
480.3 0.1 1
482.43 0.1 1
484.28 0.1 1
486.37 0.1 1
492.22 0.1 1
494.25 0.1 1
496.19 0.1 1
500.12 0.1 1
504.19 0.1 1
