4.28 0.1 1
6.08 0.1 1
10.09 0.1 1
12.12 0.1 1
18.16 0.1 1
19.97 0.1 1
22.04 0.1 1
24.11 0.1 1
25.97 0.1 1
34.03 0.1 1
35.84 0.1 1
37.95 0.1 1
41.85 0.1 1
45.77 0.1 1
47.8 0.1 1
49.87 0.1 1
51.77 0.1 1
57.77 0.1 1
67.66 0.1 1
69.62 0.1 1
71.64 0.1 1
73.56 0.1 1
77.51 0.1 1
79.49 0.1 1
81.61 0.1 1
85.51 0.1 1
87.58 0.1 1
89.45 0.1 1
91.4 0.1 1
95.4 0.1 1
107.32 0.1 1
121.26 0.1 1
125.26 0.1 1
127.13 0.1 1
131.13 0.1 1
133.23 0.1 1
135.01 0.1 1
137.06 0.1 1
139.08 0.1 1
145.02 0.1 1
146.94 0.1 1
150.94 0.1 1
153.05 0.1 1
154.95 0.1 1
162.82 0.1 1
166.72 0.1 1
168.74 0.1 1
170.73 0.1 1
172.74 0.1 1
176.71 0.1 1
182.7 0.1 1
184.7 0.1 1
190.57 0.1 1
194.55 0.1 1
198.64 0.1 1
202.54 0.1 1
208.46 0.1 1
214.33 0.1 1
218.31 0.1 1
224.38 0.1 1
228.25 0.1 1
238.23 0.1 1
244.27 0.1 1
246.24 0.1 1
250.04 0.1 1
257.96 0.1 1
260.09 0.1 1
261.99 0.1 1
263.99 0.1 1
265.96 0.1 1
270 0.1 1
273.88 0.1 1
275.96 0.1 1
279.97 0.1 1
285.88 0.1 1
289.84 0.1 1
295.75 0.1 1
297.62 0.1 1
299.64 0.1 1
301.76 0.1 1
303.73 0.1 1
305.59 0.1 1
307.61 0.1 1
309.69 0.1 1
325.45 0.1 1
327.5 0.1 1
331.49 0.1 1
333.45 0.1 1
337.44 0.1 1
341.37 0.1 1
349.32 0.1 1
355.33 0.1 1
359.28 0.1 1
361.18 0.1 1
363.16 0.1 1
365.2 0.1 1
371.12 0.1 1
375.1 0.1 1
377.17 0.1 1
384.95 0.1 1
392.89 0.1 1
394.87 0.1 1
400.91 0.1 1
402.89 0.1 1
410.9 0.1 1
412.85 0.1 1
414.76 0.1 1
424.67 0.1 1
426.77 0.1 1
438.47 0.1 1
440.56 0.1 1
442.44 0.1 1
446.58 0.1 1
448.56 0.1 1
458.41 0.1 1
462.28 0.1 1
466.27 0.1 1
468.33 0.1 1
474.2 0.1 1
480.17 0.1 1
482.27 0.1 1
484.24 0.1 1
486.29 0.1 1
492.23 0.1 1
494.23 0.1 1
496.14 0.1 1
500 0.1 1
504.01 0.1 1
