4.08 0.1 1
6.15 0.1 1
10.03 0.1 1
12.1 0.1 1
17.99 0.1 1
20.04 0.1 1
22.12 0.1 1
24.07 0.1 1
25.91 0.1 1
33.96 0.1 1
36.03 0.1 1
37.98 0.1 1
41.88 0.1 1
45.91 0.1 1
47.88 0.1 1
49.88 0.1 1
51.8 0.1 1
57.73 0.1 1
67.67 0.1 1
69.66 0.1 1
71.7 0.1 1
73.61 0.1 1
77.69 0.1 1
79.56 0.1 1
81.53 0.1 1
85.49 0.1 1
87.41 0.1 1
89.46 0.1 1
91.41 0.1 1
95.5 0.1 1
107.32 0.1 1
121.32 0.1 1
125.26 0.1 1
127.13 0.1 1
131.08 0.1 1
133.08 0.1 1
135.16 0.1 1
137.18 0.1 1
139.03 0.1 1
145.05 0.1 1
146.98 0.1 1
151.09 0.1 1
152.9 0.1 1
154.92 0.1 1
162.81 0.1 1
166.92 0.1 1
168.96 0.1 1
170.91 0.1 1
172.91 0.1 1
176.71 0.1 1
182.78 0.1 1
184.73 0.1 1
190.68 0.1 1
194.6 0.1 1
198.57 0.1 1
202.67 0.1 1
208.49 0.1 1
214.57 0.1 1
218.39 0.1 1
224.34 0.1 1
228.43 0.1 1
238.27 0.1 1
244.29 0.1 1
246.32 0.1 1
250.3 0.1 1
258.22 0.1 1
260.16 0.1 1
262.14 0.1 1
264.19 0.1 1
265.98 0.1 1
269.96 0.1 1
274.06 0.1 1
276.03 0.1 1
279.95 0.1 1
285.92 0.1 1
289.8 0.1 1
295.87 0.1 1
297.82 0.1 1
299.82 0.1 1
301.74 0.1 1
303.67 0.1 1
305.74 0.1 1
307.73 0.1 1
309.74 0.1 1
325.68 0.1 1
327.48 0.1 1
331.57 0.1 1
333.57 0.1 1
337.55 0.1 1
341.5 0.1 1
349.39 0.1 1
355.33 0.1 1
359.43 0.1 1
361.31 0.1 1
363.2 0.1 1
365.33 0.1 1
371.32 0.1 1
375.17 0.1 1
377.24 0.1 1
385.19 0.1 1
393.16 0.1 1
395.04 0.1 1
400.96 0.1 1
402.89 0.1 1
410.93 0.1 1
412.91 0.1 1
414.92 0.1 1
424.75 0.1 1
426.79 0.1 1
438.71 0.1 1
440.76 0.1 1
442.62 0.1 1
446.54 0.1 1
448.66 0.1 1
458.5 0.1 1
462.5 0.1 1
466.53 0.1 1
468.45 0.1 1
474.37 0.1 1
480.36 0.1 1
482.24 0.1 1
484.39 0.1 1
486.27 0.1 1
492.18 0.1 1
494.23 0.1 1
496.21 0.1 1
500.26 0.1 1
504.15 0.1 1
