4.09 0.1 1
6.16 0.1 1
10.11 0.1 1
12.03 0.1 1
17.96 0.1 1
19.98 0.1 1
22.07 0.1 1
24.12 0.1 1
26.07 0.1 1
33.97 0.1 1
36.02 0.1 1
37.97 0.1 1
41.79 0.1 1
45.76 0.1 1
47.74 0.1 1
49.74 0.1 1
51.86 0.1 1
57.8 0.1 1
67.65 0.1 1
69.57 0.1 1
71.72 0.1 1
73.57 0.1 1
77.69 0.1 1
79.59 0.1 1
81.5 0.1 1
85.44 0.1 1
87.39 0.1 1
89.46 0.1 1
91.56 0.1 1
95.51 0.1 1
107.35 0.1 1
121.12 0.1 1
125.19 0.1 1
127.2 0.1 1
131.19 0.1 1
133.11 0.1 1
135.12 0.1 1
137.19 0.1 1
139.16 0.1 1
145.09 0.1 1
147.06 0.1 1
151.05 0.1 1
152.91 0.1 1
155.03 0.1 1
162.94 0.1 1
166.82 0.1 1
168.77 0.1 1
170.71 0.1 1
172.75 0.1 1
176.86 0.1 1
182.71 0.1 1
184.63 0.1 1
190.56 0.1 1
194.65 0.1 1
198.51 0.1 1
202.57 0.1 1
208.45 0.1 1
214.52 0.1 1
218.32 0.1 1
224.39 0.1 1
228.38 0.1 1
238.18 0.1 1
244.1 0.1 1
246.25 0.1 1
250.13 0.1 1
258.19 0.1 1
259.97 0.1 1
262.15 0.1 1
264.12 0.1 1
265.99 0.1 1
269.99 0.1 1
273.89 0.1 1
275.96 0.1 1
279.83 0.1 1
285.83 0.1 1
289.75 0.1 1
295.8 0.1 1
297.83 0.1 1
299.75 0.1 1
301.74 0.1 1
303.67 0.1 1
305.6 0.1 1
307.65 0.1 1
309.77 0.1 1
325.56 0.1 1
327.51 0.1 1
331.45 0.1 1
333.51 0.1 1
337.5 0.1 1
341.47 0.1 1
349.25 0.1 1
355.27 0.1 1
359.26 0.1 1
361.29 0.1 1
363.18 0.1 1
365.23 0.1 1
371.14 0.1 1
375.21 0.1 1
377.15 0.1 1
385 0.1 1
393.05 0.1 1
394.92 0.1 1
400.96 0.1 1
402.91 0.1 1
410.81 0.1 1
412.83 0.1 1
414.91 0.1 1
424.73 0.1 1
426.75 0.1 1
438.59 0.1 1
440.67 0.1 1
442.59 0.1 1
446.64 0.1 1
448.59 0.1 1
458.58 0.1 1
462.41 0.1 1
466.41 0.1 1
468.41 0.1 1
474.45 0.1 1
480.27 0.1 1
482.39 0.1 1
484.34 0.1 1
486.15 0.1 1
492.26 0.1 1
494.21 0.1 1
496.22 0.1 1
500.24 0.1 1
504.14 0.1 1
