4.15 0.1 1
6.09 0.1 1
10.16 0.1 1
12.14 0.1 1
18.18 0.1 1
20.03 0.1 1
22.08 0.1 1
24.13 0.1 1
25.95 0.1 1
34 0.1 1
35.98 0.1 1
37.87 0.1 1
41.98 0.1 1
45.89 0.1 1
47.8 0.1 1
49.9 0.1 1
51.79 0.1 1
57.76 0.1 1
67.63 0.1 1
69.68 0.1 1
71.56 0.1 1
73.6 0.1 1
77.58 0.1 1
79.56 0.1 1
81.52 0.1 1
85.5 0.1 1
87.53 0.1 1
89.4 0.1 1
91.5 0.1 1
95.4 0.1 1
107.26 0.1 1
121.18 0.1 1
125.23 0.1 1
127.17 0.1 1
131.17 0.1 1
133.1 0.1 1
135.09 0.1 1
137.09 0.1 1
139.02 0.1 1
145.12 0.1 1
147.02 0.1 1
151.06 0.1 1
152.88 0.1 1
154.99 0.1 1
162.8 0.1 1
166.95 0.1 1
168.83 0.1 1
170.78 0.1 1
172.82 0.1 1
176.8 0.1 1
182.72 0.1 1
184.6 0.1 1
190.71 0.1 1
194.67 0.1 1
198.53 0.1 1
202.46 0.1 1
208.48 0.1 1
214.55 0.1 1
218.42 0.1 1
224.47 0.1 1
228.35 0.1 1
238.21 0.1 1
244.23 0.1 1
246.19 0.1 1
250.18 0.1 1
258.15 0.1 1
260.06 0.1 1
262.1 0.1 1
264.13 0.1 1
266.08 0.1 1
270.07 0.1 1
273.87 0.1 1
276.05 0.1 1
279.96 0.1 1
285.89 0.1 1
289.83 0.1 1
295.75 0.1 1
297.76 0.1 1
299.7 0.1 1
301.68 0.1 1
303.68 0.1 1
305.68 0.1 1
307.72 0.1 1
309.73 0.1 1
325.56 0.1 1
327.61 0.1 1
331.61 0.1 1
333.43 0.1 1
337.43 0.1 1
341.41 0.1 1
349.28 0.1 1
355.25 0.1 1
359.27 0.1 1
361.24 0.1 1
363.2 0.1 1
365.24 0.1 1
371.26 0.1 1
375.14 0.1 1
377.24 0.1 1
385.09 0.1 1
393.11 0.1 1
394.96 0.1 1
401.02 0.1 1
402.83 0.1 1
410.94 0.1 1
412.82 0.1 1
414.77 0.1 1
424.69 0.1 1
426.68 0.1 1
438.75 0.1 1
440.56 0.1 1
442.68 0.1 1
446.63 0.1 1
448.58 0.1 1
458.47 0.1 1
462.41 0.1 1
466.34 0.1 1
468.48 0.1 1
474.39 0.1 1
480.31 0.1 1
482.38 0.1 1
484.38 0.1 1
486.3 0.1 1
492.25 0.1 1
494.1 0.1 1
496.2 0.1 1
500.19 0.1 1
504.22 0.1 1
