4.18 0.1 1
6.25 0.1 1
10.18 0.1 1
12.13 0.1 1
18.12 0.1 1
20.1 0.1 1
22.04 0.1 1
23.99 0.1 1
26.04 0.1 1
34.01 0.1 1
35.97 0.1 1
37.94 0.1 1
41.98 0.1 1
45.78 0.1 1
47.81 0.1 1
49.88 0.1 1
51.9 0.1 1
57.83 0.1 1
67.7 0.1 1
69.65 0.1 1
71.69 0.1 1
73.54 0.1 1
77.54 0.1 1
79.61 0.1 1
81.56 0.1 1
85.56 0.1 1
87.53 0.1 1
89.44 0.1 1
91.41 0.1 1
95.38 0.1 1
107.38 0.1 1
121.27 0.1 1
125.29 0.1 1
127.17 0.1 1
131.06 0.1 1
133.13 0.1 1
135.14 0.1 1
137.09 0.1 1
139 0.1 1
144.98 0.1 1
147.08 0.1 1
151.03 0.1 1
153.03 0.1 1
155.05 0.1 1
162.89 0.1 1
166.84 0.1 1
168.75 0.1 1
170.81 0.1 1
172.76 0.1 1
176.84 0.1 1
182.66 0.1 1
184.65 0.1 1
190.58 0.1 1
194.66 0.1 1
198.6 0.1 1
202.57 0.1 1
208.59 0.1 1
214.37 0.1 1
218.42 0.1 1
224.48 0.1 1
228.34 0.1 1
238.25 0.1 1
244.17 0.1 1
246.18 0.1 1
250.13 0.1 1
258.11 0.1 1
260.06 0.1 1
262.14 0.1 1
264.09 0.1 1
266.09 0.1 1
269.91 0.1 1
274.06 0.1 1
275.93 0.1 1
279.9 0.1 1
285.83 0.1 1
289.9 0.1 1
295.9 0.1 1
297.82 0.1 1
299.84 0.1 1
301.77 0.1 1
303.84 0.1 1
305.64 0.1 1
307.66 0.1 1
309.62 0.1 1
325.5 0.1 1
327.56 0.1 1
331.51 0.1 1
333.45 0.1 1
337.42 0.1 1
341.54 0.1 1
349.39 0.1 1
355.41 0.1 1
359.39 0.1 1
361.28 0.1 1
363.21 0.1 1
365.34 0.1 1
371.1 0.1 1
375.06 0.1 1
377.21 0.1 1
385.15 0.1 1
392.99 0.1 1
394.95 0.1 1
400.91 0.1 1
403.01 0.1 1
410.86 0.1 1
412.81 0.1 1
414.75 0.1 1
424.76 0.1 1
426.85 0.1 1
438.7 0.1 1
440.54 0.1 1
442.69 0.1 1
446.56 0.1 1
448.54 0.1 1
458.46 0.1 1
462.53 0.1 1
466.5 0.1 1
468.51 0.1 1
474.32 0.1 1
480.4 0.1 1
482.24 0.1 1
484.25 0.1 1
486.3 0.1 1
492.31 0.1 1
494.19 0.1 1
496.23 0.1 1
500.14 0.1 1
504.18 0.1 1
