4.27 0.1 1
6.13 0.1 1
10.22 0.1 1
12.07 0.1 1
18 0.1 1
20.16 0.1 1
21.95 0.1 1
24.09 0.1 1
26.07 0.1 1
33.98 0.1 1
35.89 0.1 1
37.88 0.1 1
41.78 0.1 1
45.86 0.1 1
47.85 0.1 1
49.73 0.1 1
51.88 0.1 1
57.75 0.1 1
67.74 0.1 1
69.72 0.1 1
71.62 0.1 1
73.52 0.1 1
77.64 0.1 1
79.58 0.1 1
81.54 0.1 1
85.46 0.1 1
87.45 0.1 1
89.45 0.1 1
91.53 0.1 1
95.38 0.1 1
107.32 0.1 1
121.19 0.1 1
125.11 0.1 1
127.18 0.1 1
131.04 0.1 1
133.09 0.1 1
135 0.1 1
137.11 0.1 1
139.15 0.1 1
145 0.1 1
146.93 0.1 1
150.88 0.1 1
152.9 0.1 1
154.9 0.1 1
162.94 0.1 1
166.89 0.1 1
168.91 0.1 1
170.88 0.1 1
172.69 0.1 1
176.71 0.1 1
182.75 0.1 1
184.7 0.1 1
190.68 0.1 1
194.57 0.1 1
198.6 0.1 1
202.49 0.1 1
208.57 0.1 1
214.51 0.1 1
218.38 0.1 1
224.41 0.1 1
228.4 0.1 1
238.15 0.1 1
244.19 0.1 1
246.27 0.1 1
250.07 0.1 1
257.97 0.1 1
260.12 0.1 1
262.04 0.1 1
264.11 0.1 1
266.06 0.1 1
269.89 0.1 1
273.98 0.1 1
276.01 0.1 1
279.87 0.1 1
285.93 0.1 1
289.85 0.1 1
295.67 0.1 1
297.82 0.1 1
299.69 0.1 1
301.76 0.1 1
303.64 0.1 1
305.59 0.1 1
307.57 0.1 1
309.74 0.1 1
325.56 0.1 1
327.43 0.1 1
331.47 0.1 1
333.48 0.1 1
337.37 0.1 1
341.35 0.1 1
349.37 0.1 1
355.32 0.1 1
359.19 0.1 1
361.16 0.1 1
363.19 0.1 1
365.23 0.1 1
371.2 0.1 1
375.08 0.1 1
377.05 0.1 1
384.99 0.1 1
392.95 0.1 1
394.86 0.1 1
400.84 0.1 1
402.89 0.1 1
410.76 0.1 1
412.9 0.1 1
414.9 0.1 1
424.77 0.1 1
426.8 0.1 1
438.69 0.1 1
440.54 0.1 1
442.62 0.1 1
446.64 0.1 1
448.62 0.1 1
458.39 0.1 1
462.48 0.1 1
466.28 0.1 1
468.47 0.1 1
474.33 0.1 1
480.29 0.1 1
482.17 0.1 1
484.27 0.1 1
486.15 0.1 1
492.22 0.1 1
494.16 0.1 1
496.09 0.1 1
500.19 0.1 1
504.03 0.1 1
