4.13 0.1 1
6.08 0.1 1
10.12 0.1 1
12.12 0.1 1
18.09 0.1 1
20.05 0.1 1
22.07 0.1 1
24.04 0.1 1
26 0.1 1
33.94 0.1 1
36.02 0.1 1
37.83 0.1 1
41.89 0.1 1
45.78 0.1 1
47.88 0.1 1
49.91 0.1 1
51.71 0.1 1
57.78 0.1 1
67.62 0.1 1
69.69 0.1 1
71.54 0.1 1
73.57 0.1 1
77.66 0.1 1
79.49 0.1 1
81.47 0.1 1
85.44 0.1 1
87.54 0.1 1
89.43 0.1 1
91.38 0.1 1
95.43 0.1 1
107.33 0.1 1
121.16 0.1 1
125.09 0.1 1
127.11 0.1 1
131.14 0.1 1
133.04 0.1 1
135.13 0.1 1
137.13 0.1 1
139.15 0.1 1
145.01 0.1 1
147.01 0.1 1
150.93 0.1 1
153 0.1 1
154.9 0.1 1
162.96 0.1 1
166.76 0.1 1
168.72 0.1 1
170.86 0.1 1
172.78 0.1 1
176.71 0.1 1
182.75 0.1 1
184.65 0.1 1
190.56 0.1 1
194.52 0.1 1
198.6 0.1 1
202.54 0.1 1
208.35 0.1 1
214.42 0.1 1
218.41 0.1 1
224.24 0.1 1
228.33 0.1 1
238.16 0.1 1
244.18 0.1 1
246.19 0.1 1
250.15 0.1 1
258.11 0.1 1
260.06 0.1 1
261.92 0.1 1
263.96 0.1 1
265.96 0.1 1
270.04 0.1 1
273.86 0.1 1
275.81 0.1 1
279.81 0.1 1
285.93 0.1 1
289.82 0.1 1
295.79 0.1 1
297.64 0.1 1
299.7 0.1 1
301.79 0.1 1
303.66 0.1 1
305.76 0.1 1
307.56 0.1 1
309.57 0.1 1
325.61 0.1 1
327.48 0.1 1
331.55 0.1 1
333.45 0.1 1
337.47 0.1 1
341.42 0.1 1
349.27 0.1 1
355.32 0.1 1
359.33 0.1 1
361.19 0.1 1
363.18 0.1 1
365.1 0.1 1
371.25 0.1 1
375.18 0.1 1
377.13 0.1 1
385.05 0.1 1
392.92 0.1 1
394.86 0.1 1
400.86 0.1 1
402.82 0.1 1
410.83 0.1 1
412.75 0.1 1
414.88 0.1 1
424.6 0.1 1
426.73 0.1 1
438.69 0.1 1
440.49 0.1 1
442.49 0.1 1
446.54 0.1 1
448.57 0.1 1
458.48 0.1 1
462.4 0.1 1
466.46 0.1 1
468.3 0.1 1
474.27 0.1 1
480.3 0.1 1
482.22 0.1 1
484.2 0.1 1
486.31 0.1 1
492.06 0.1 1
494.06 0.1 1
496.04 0.1 1
500.11 0.1 1
504.16 0.1 1
