4.11 0.1 1
6.23 0.1 1
10.18 0.1 1
12.16 0.1 1
18.05 0.1 1
20.13 0.1 1
22 0.1 1
24 0.1 1
25.92 0.1 1
34.04 0.1 1
35.96 0.1 1
37.89 0.1 1
41.91 0.1 1
45.86 0.1 1
47.79 0.1 1
49.91 0.1 1
51.81 0.1 1
57.86 0.1 1
67.63 0.1 1
69.68 0.1 1
71.69 0.1 1
73.7 0.1 1
77.5 0.1 1
79.5 0.1 1
81.64 0.1 1
85.52 0.1 1
87.44 0.1 1
89.58 0.1 1
91.54 0.1 1
95.36 0.1 1
107.45 0.1 1
121.32 0.1 1
125.17 0.1 1
127.27 0.1 1
131.09 0.1 1
133.09 0.1 1
135.07 0.1 1
137.16 0.1 1
139.18 0.1 1
145.04 0.1 1
147.13 0.1 1
151.01 0.1 1
152.98 0.1 1
154.91 0.1 1
162.84 0.1 1
166.9 0.1 1
168.82 0.1 1
170.9 0.1 1
172.89 0.1 1
176.84 0.1 1
182.82 0.1 1
184.61 0.1 1
190.56 0.1 1
194.7 0.1 1
198.68 0.1 1
202.63 0.1 1
208.5 0.1 1
214.4 0.1 1
218.39 0.1 1
224.37 0.1 1
228.32 0.1 1
238.29 0.1 1
244.16 0.1 1
246.28 0.1 1
250.25 0.1 1
258.2 0.1 1
260.04 0.1 1
262.14 0.1 1
263.97 0.1 1
266.11 0.1 1
270.04 0.1 1
274.07 0.1 1
275.91 0.1 1
279.98 0.1 1
285.88 0.1 1
289.83 0.1 1
295.87 0.1 1
297.85 0.1 1
299.78 0.1 1
301.69 0.1 1
303.74 0.1 1
305.82 0.1 1
307.6 0.1 1
309.77 0.1 1
325.58 0.1 1
327.54 0.1 1
331.55 0.1 1
333.5 0.1 1
337.4 0.1 1
341.48 0.1 1
349.38 0.1 1
355.42 0.1 1
359.39 0.1 1
361.37 0.1 1
363.36 0.1 1
365.26 0.1 1
371.24 0.1 1
375.23 0.1 1
377.1 0.1 1
385.1 0.1 1
393.08 0.1 1
395 0.1 1
400.92 0.1 1
403.04 0.1 1
410.97 0.1 1
412.88 0.1 1
414.77 0.1 1
424.71 0.1 1
426.66 0.1 1
438.68 0.1 1
440.67 0.1 1
442.58 0.1 1
446.67 0.1 1
448.49 0.1 1
458.41 0.1 1
462.46 0.1 1
466.33 0.1 1
468.46 0.1 1
474.4 0.1 1
480.38 0.1 1
482.38 0.1 1
484.23 0.1 1
486.23 0.1 1
492.25 0.1 1
494.17 0.1 1
496.09 0.1 1
500.11 0.1 1
504.17 0.1 1
