4.08 0.1 1
6.06 0.1 1
10.08 0.1 1
12.01 0.1 1
17.96 0.1 1
20.03 0.1 1
21.95 0.1 1
24.03 0.1 1
26.04 0.1 1
33.94 0.1 1
35.99 0.1 1
37.87 0.1 1
41.81 0.1 1
45.89 0.1 1
47.86 0.1 1
49.91 0.1 1
51.86 0.1 1
57.76 0.1 1
67.68 0.1 1
69.6 0.1 1
71.62 0.1 1
73.57 0.1 1
77.49 0.1 1
79.64 0.1 1
81.64 0.1 1
85.51 0.1 1
87.47 0.1 1
89.49 0.1 1
91.46 0.1 1
95.44 0.1 1
107.28 0.1 1
121.2 0.1 1
125.17 0.1 1
127.16 0.1 1
131.16 0.1 1
133.14 0.1 1
135.21 0.1 1
137.06 0.1 1
139.04 0.1 1
145.13 0.1 1
147.08 0.1 1
150.91 0.1 1
152.93 0.1 1
154.95 0.1 1
162.93 0.1 1
166.85 0.1 1
168.84 0.1 1
170.8 0.1 1
172.69 0.1 1
176.86 0.1 1
182.66 0.1 1
184.66 0.1 1
190.61 0.1 1
194.69 0.1 1
198.55 0.1 1
202.47 0.1 1
208.58 0.1 1
214.39 0.1 1
218.35 0.1 1
224.29 0.1 1
228.31 0.1 1
238.31 0.1 1
244.28 0.1 1
246.15 0.1 1
250.12 0.1 1
258.12 0.1 1
260.15 0.1 1
262.02 0.1 1
264.02 0.1 1
265.95 0.1 1
270.02 0.1 1
273.99 0.1 1
275.98 0.1 1
279.86 0.1 1
285.78 0.1 1
289.76 0.1 1
295.87 0.1 1
297.72 0.1 1
299.75 0.1 1
301.77 0.1 1
303.8 0.1 1
305.77 0.1 1
307.6 0.1 1
309.67 0.1 1
325.56 0.1 1
327.63 0.1 1
331.53 0.1 1
333.56 0.1 1
337.36 0.1 1
341.4 0.1 1
349.42 0.1 1
355.3 0.1 1
359.32 0.1 1
361.36 0.1 1
363.26 0.1 1
365.24 0.1 1
371.16 0.1 1
375.06 0.1 1
377.04 0.1 1
385.08 0.1 1
393 0.1 1
394.87 0.1 1
400.82 0.1 1
402.92 0.1 1
410.89 0.1 1
412.74 0.1 1
414.91 0.1 1
424.78 0.1 1
426.61 0.1 1
438.62 0.1 1
440.62 0.1 1
442.69 0.1 1
446.6 0.1 1
448.55 0.1 1
458.54 0.1 1
462.39 0.1 1
466.29 0.1 1
468.41 0.1 1
474.31 0.1 1
480.18 0.1 1
482.23 0.1 1
484.23 0.1 1
486.13 0.1 1
492.14 0.1 1
494.19 0.1 1
496.25 0.1 1
500.02 0.1 1
504.02 0.1 1
