4.11 0.1 1
6.28 0.1 1
10.23 0.1 1
12.08 0.1 1
18.11 0.1 1
20.11 0.1 1
22.1 0.1 1
23.95 0.1 1
25.95 0.1 1
34.02 0.1 1
35.92 0.1 1
37.97 0.1 1
41.92 0.1 1
45.82 0.1 1
47.77 0.1 1
49.74 0.1 1
51.86 0.1 1
57.81 0.1 1
67.62 0.1 1
69.68 0.1 1
71.58 0.1 1
73.62 0.1 1
77.65 0.1 1
79.54 0.1 1
81.55 0.1 1
85.64 0.1 1
87.56 0.1 1
89.57 0.1 1
91.41 0.1 1
95.44 0.1 1
107.4 0.1 1
121.22 0.1 1
125.3 0.1 1
127.1 0.1 1
131.11 0.1 1
133.24 0.1 1
135.14 0.1 1
137.07 0.1 1
139.03 0.1 1
145.06 0.1 1
146.96 0.1 1
151.03 0.1 1
152.91 0.1 1
154.95 0.1 1
162.93 0.1 1
166.89 0.1 1
168.84 0.1 1
170.82 0.1 1
172.85 0.1 1
176.77 0.1 1
182.68 0.1 1
184.76 0.1 1
190.59 0.1 1
194.55 0.1 1
198.68 0.1 1
202.53 0.1 1
208.53 0.1 1
214.44 0.1 1
218.52 0.1 1
224.44 0.1 1
228.44 0.1 1
238.25 0.1 1
244.11 0.1 1
246.25 0.1 1
250.18 0.1 1
258.04 0.1 1
260.17 0.1 1
262.09 0.1 1
264.07 0.1 1
266.06 0.1 1
270.07 0.1 1
273.94 0.1 1
275.93 0.1 1
279.84 0.1 1
285.93 0.1 1
289.93 0.1 1
295.88 0.1 1
297.68 0.1 1
299.83 0.1 1
301.69 0.1 1
303.74 0.1 1
305.77 0.1 1
307.75 0.1 1
309.72 0.1 1
325.53 0.1 1
327.6 0.1 1
331.45 0.1 1
333.55 0.1 1
337.46 0.1 1
341.42 0.1 1
349.34 0.1 1
355.36 0.1 1
359.26 0.1 1
361.32 0.1 1
363.18 0.1 1
365.11 0.1 1
371.26 0.1 1
375.06 0.1 1
377.21 0.1 1
385.13 0.1 1
393 0.1 1
395.02 0.1 1
400.82 0.1 1
402.86 0.1 1
410.91 0.1 1
412.84 0.1 1
414.73 0.1 1
424.75 0.1 1
426.71 0.1 1
438.7 0.1 1
440.64 0.1 1
442.54 0.1 1
446.54 0.1 1
448.62 0.1 1
458.39 0.1 1
462.46 0.1 1
466.43 0.1 1
468.3 0.1 1
474.43 0.1 1
480.24 0.1 1
482.3 0.1 1
484.19 0.1 1
486.3 0.1 1
492.14 0.1 1
494.17 0.1 1
496.19 0.1 1
500.07 0.1 1
504.14 0.1 1
