4.12 0.1 1
6.2 0.1 1
10.14 0.1 1
12.16 0.1 1
17.95 0.1 1
19.98 0.1 1
22.03 0.1 1
23.9 0.1 1
25.87 0.1 1
33.7 0.1 1
35.81 0.1 1
37.72 0.1 1
41.79 0.1 1
45.66 0.1 1
47.69 0.1 1
49.51 0.1 1
51.65 0.1 1
57.55 0.1 1
67.31 0.1 1
69.4 0.1 1
71.32 0.1 1
73.4 0.1 1
77.17 0.1 1
79.19 0.1 1
81.19 0.1 1
85.21 0.1 1
87.17 0.1 1
89.05 0.1 1
90.97 0.1 1
94.97 0.1 1
106.98 0.1 1
120.85 0.1 1
124.72 0.1 1
126.64 0.1 1
130.64 0.1 1
132.54 0.1 1
134.58 0.1 1
136.46 0.1 1
138.47 0.1 1
144.46 0.1 1
146.52 0.1 1
150.4 0.1 1
152.3 0.1 1
154.41 0.1 1
162.29 0.1 1
166.19 0.1 1
168.2 0.1 1
170.11 0.1 1
172.03 0.1 1
176.04 0.1 1
181.99 0.1 1
183.91 0.1 1
189.85 0.1 1
193.77 0.1 1
197.74 0.1 1
201.85 0.1 1
207.67 0.1 1
213.74 0.1 1
217.51 0.1 1
223.59 0.1 1
227.56 0.1 1
237.48 0.1 1
243.25 0.1 1
245.37 0.1 1
249.31 0.1 1
257.2 0.1 1
259.2 0.1 1
261.2 0.1 1
263.16 0.1 1
265.18 0.1 1
269.03 0.1 1
273.02 0.1 1
274.9 0.1 1
278.86 0.1 1
284.85 0.1 1
288.8 0.1 1
294.74 0.1 1
296.74 0.1 1
298.64 0.1 1
300.73 0.1 1
302.71 0.1 1
304.53 0.1 1
306.47 0.1 1
308.62 0.1 1
324.44 0.1 1
326.42 0.1 1
330.31 0.1 1
332.23 0.1 1
336.2 0.1 1
340.08 0.1 1
348.21 0.1 1
354.1 0.1 1
357.9 0.1 1
359.97 0.1 1
361.91 0.1 1
364.01 0.1 1
369.81 0.1 1
373.75 0.1 1
375.82 0.1 1
383.61 0.1 1
391.72 0.1 1
393.69 0.1 1
399.53 0.1 1
401.53 0.1 1
409.39 0.1 1
411.4 0.1 1
413.37 0.1 1
423.35 0.1 1
425.2 0.1 1
437.11 0.1 1
439.07 0.1 1
441.1 0.1 1
445.04 0.1 1
446.97 0.1 1
456.9 0.1 1
460.94 0.1 1
464.77 0.1 1
466.73 0.1 1
472.8 0.1 1
478.57 0.1 1
480.68 0.1 1
482.61 0.1 1
484.61 0.1 1
490.43 0.1 1
492.47 0.1 1
494.36 0.1 1
498.29 0.1 1
502.3 0.1 1
