4.25 0.1 1
6.14 0.1 1
10.2 0.1 1
12.19 0.1 1
18.16 0.1 1
20.09 0.1 1
22.14 0.1 1
24.04 0.1 1
26.04 0.1 1
33.85 0.1 1
36.03 0.1 1
37.81 0.1 1
41.97 0.1 1
45.8 0.1 1
47.9 0.1 1
49.84 0.1 1
51.9 0.1 1
57.8 0.1 1
67.62 0.1 1
69.68 0.1 1
71.63 0.1 1
73.69 0.1 1
77.6 0.1 1
79.5 0.1 1
81.51 0.1 1
85.52 0.1 1
87.62 0.1 1
89.48 0.1 1
91.4 0.1 1
95.37 0.1 1
107.26 0.1 1
121.3 0.1 1
125.21 0.1 1
127.13 0.1 1
131.08 0.1 1
133.13 0.1 1
135.13 0.1 1
137.15 0.1 1
139.12 0.1 1
145.04 0.1 1
147.07 0.1 1
150.97 0.1 1
152.89 0.1 1
154.97 0.1 1
163.01 0.1 1
166.93 0.1 1
168.91 0.1 1
170.81 0.1 1
172.9 0.1 1
176.78 0.1 1
182.75 0.1 1
184.7 0.1 1
190.79 0.1 1
194.67 0.1 1
198.62 0.1 1
202.52 0.1 1
208.56 0.1 1
214.48 0.1 1
218.45 0.1 1
224.32 0.1 1
228.45 0.1 1
238.22 0.1 1
244.21 0.1 1
246.24 0.1 1
250.21 0.1 1
258.13 0.1 1
260.08 0.1 1
262.2 0.1 1
264.11 0.1 1
266.1 0.1 1
270.13 0.1 1
273.95 0.1 1
275.95 0.1 1
279.9 0.1 1
285.87 0.1 1
289.89 0.1 1
295.89 0.1 1
297.84 0.1 1
299.78 0.1 1
301.88 0.1 1
303.83 0.1 1
305.8 0.1 1
307.73 0.1 1
309.63 0.1 1
325.64 0.1 1
327.62 0.1 1
331.57 0.1 1
333.45 0.1 1
337.61 0.1 1
341.46 0.1 1
349.38 0.1 1
355.46 0.1 1
359.38 0.1 1
361.42 0.1 1
363.25 0.1 1
365.3 0.1 1
371.34 0.1 1
375.27 0.1 1
377.27 0.1 1
385.02 0.1 1
393.01 0.1 1
395.09 0.1 1
400.98 0.1 1
403.06 0.1 1
410.88 0.1 1
412.95 0.1 1
414.92 0.1 1
424.74 0.1 1
426.79 0.1 1
438.63 0.1 1
440.78 0.1 1
442.63 0.1 1
446.73 0.1 1
448.55 0.1 1
458.57 0.1 1
462.5 0.1 1
466.39 0.1 1
468.5 0.1 1
474.46 0.1 1
480.32 0.1 1
482.36 0.1 1
484.26 0.1 1
486.29 0.1 1
492.33 0.1 1
494.25 0.1 1
496.33 0.1 1
500.17 0.1 1
504.27 0.1 1
