4.12 0.1 1
6.14 0.1 1
10.15 0.1 1
12.22 0.1 1
18.01 0.1 1
20.01 0.1 1
22.12 0.1 1
24.04 0.1 1
25.98 0.1 1
33.86 0.1 1
35.93 0.1 1
37.88 0.1 1
41.97 0.1 1
45.87 0.1 1
47.92 0.1 1
49.72 0.1 1
51.75 0.1 1
57.82 0.1 1
67.66 0.1 1
69.56 0.1 1
71.63 0.1 1
73.61 0.1 1
77.56 0.1 1
79.5 0.1 1
81.63 0.1 1
85.55 0.1 1
87.52 0.1 1
89.5 0.1 1
91.37 0.1 1
95.48 0.1 1
107.39 0.1 1
121.13 0.1 1
125.08 0.1 1
127.1 0.1 1
131.1 0.1 1
133.07 0.1 1
135 0.1 1
137.05 0.1 1
139.1 0.1 1
145.09 0.1 1
147.07 0.1 1
150.94 0.1 1
153.04 0.1 1
154.82 0.1 1
162.78 0.1 1
166.88 0.1 1
168.9 0.1 1
170.83 0.1 1
172.8 0.1 1
176.66 0.1 1
182.77 0.1 1
184.75 0.1 1
190.62 0.1 1
194.59 0.1 1
198.64 0.1 1
202.59 0.1 1
208.51 0.1 1
214.48 0.1 1
218.3 0.1 1
224.27 0.1 1
228.3 0.1 1
238.24 0.1 1
244.17 0.1 1
246.11 0.1 1
250.19 0.1 1
258.13 0.1 1
259.94 0.1 1
262.08 0.1 1
263.96 0.1 1
266.05 0.1 1
270 0.1 1
273.82 0.1 1
275.97 0.1 1
279.77 0.1 1
285.86 0.1 1
289.79 0.1 1
295.71 0.1 1
297.71 0.1 1
299.76 0.1 1
301.64 0.1 1
303.64 0.1 1
305.51 0.1 1
307.65 0.1 1
309.63 0.1 1
325.35 0.1 1
327.54 0.1 1
331.37 0.1 1
333.32 0.1 1
337.39 0.1 1
341.26 0.1 1
349.16 0.1 1
355.21 0.1 1
359.18 0.1 1
361.2 0.1 1
363.23 0.1 1
365.03 0.1 1
371.17 0.1 1
374.99 0.1 1
376.97 0.1 1
384.87 0.1 1
392.94 0.1 1
394.85 0.1 1
400.93 0.1 1
402.73 0.1 1
410.73 0.1 1
412.72 0.1 1
414.72 0.1 1
424.65 0.1 1
426.59 0.1 1
438.54 0.1 1
440.48 0.1 1
442.43 0.1 1
446.46 0.1 1
448.38 0.1 1
458.3 0.1 1
462.32 0.1 1
466.34 0.1 1
468.29 0.1 1
474.29 0.1 1
480.11 0.1 1
482.26 0.1 1
484.11 0.1 1
486.16 0.1 1
492.2 0.1 1
494.05 0.1 1
496.13 0.1 1
500.12 0.1 1
503.97 0.1 1
