4.18 0.1 1
6.08 0.1 1
10.23 0.1 1
12.05 0.1 1
18.03 0.1 1
20.07 0.1 1
22.04 0.1 1
24.02 0.1 1
25.94 0.1 1
33.91 0.1 1
35.96 0.1 1
37.94 0.1 1
41.77 0.1 1
45.84 0.1 1
47.91 0.1 1
49.73 0.1 1
51.71 0.1 1
57.81 0.1 1
67.57 0.1 1
69.7 0.1 1
71.55 0.1 1
73.62 0.1 1
77.69 0.1 1
79.66 0.1 1
81.49 0.1 1
85.53 0.1 1
87.53 0.1 1
89.51 0.1 1
91.51 0.1 1
95.48 0.1 1
107.38 0.1 1
121.22 0.1 1
125.24 0.1 1
127.29 0.1 1
131.18 0.1 1
133.07 0.1 1
135.09 0.1 1
137.18 0.1 1
139.18 0.1 1
145.11 0.1 1
147.03 0.1 1
151.05 0.1 1
153.03 0.1 1
154.85 0.1 1
162.82 0.1 1
166.8 0.1 1
168.92 0.1 1
170.76 0.1 1
172.79 0.1 1
176.86 0.1 1
182.76 0.1 1
184.78 0.1 1
190.65 0.1 1
194.68 0.1 1
198.62 0.1 1
202.65 0.1 1
208.45 0.1 1
214.47 0.1 1
218.49 0.1 1
224.34 0.1 1
228.43 0.1 1
238.28 0.1 1
244.28 0.1 1
246.3 0.1 1
250.28 0.1 1
258.04 0.1 1
260.19 0.1 1
262.14 0.1 1
263.99 0.1 1
266.11 0.1 1
269.98 0.1 1
274.03 0.1 1
276.03 0.1 1
279.98 0.1 1
285.93 0.1 1
289.8 0.1 1
295.75 0.1 1
297.82 0.1 1
299.7 0.1 1
301.84 0.1 1
303.8 0.1 1
305.81 0.1 1
307.82 0.1 1
309.79 0.1 1
325.68 0.1 1
327.53 0.1 1
331.5 0.1 1
333.51 0.1 1
337.47 0.1 1
341.5 0.1 1
349.42 0.1 1
355.44 0.1 1
359.32 0.1 1
361.32 0.1 1
363.34 0.1 1
365.36 0.1 1
371.31 0.1 1
375.28 0.1 1
377.23 0.1 1
385.17 0.1 1
392.94 0.1 1
394.95 0.1 1
401.04 0.1 1
403.04 0.1 1
410.86 0.1 1
412.89 0.1 1
414.88 0.1 1
424.87 0.1 1
426.72 0.1 1
438.7 0.1 1
440.54 0.1 1
442.52 0.1 1
446.64 0.1 1
448.52 0.1 1
458.54 0.1 1
462.43 0.1 1
466.53 0.1 1
468.5 0.1 1
474.28 0.1 1
480.29 0.1 1
482.3 0.1 1
484.37 0.1 1
486.24 0.1 1
492.29 0.1 1
494.19 0.1 1
496.26 0.1 1
500.09 0.1 1
504.19 0.1 1
