4.17 0.1 1
6.15 0.1 1
10.05 0.1 1
12.17 0.1 1
18.07 0.1 1
20.12 0.1 1
22.08 0.1 1
23.98 0.1 1
26.01 0.1 1
34.03 0.1 1
35.85 0.1 1
37.93 0.1 1
41.97 0.1 1
45.9 0.1 1
47.88 0.1 1
49.82 0.1 1
51.8 0.1 1
57.85 0.1 1
67.74 0.1 1
69.64 0.1 1
71.58 0.1 1
73.71 0.1 1
77.6 0.1 1
79.51 0.1 1
81.56 0.1 1
85.6 0.1 1
87.55 0.1 1
89.4 0.1 1
91.5 0.1 1
95.47 0.1 1
107.31 0.1 1
121.18 0.1 1
125.21 0.1 1
127.13 0.1 1
131.1 0.1 1
133.1 0.1 1
135.07 0.1 1
137.17 0.1 1
139.2 0.1 1
145.14 0.1 1
147.07 0.1 1
150.96 0.1 1
152.92 0.1 1
154.92 0.1 1
163.01 0.1 1
166.89 0.1 1
168.93 0.1 1
170.88 0.1 1
172.83 0.1 1
176.9 0.1 1
182.78 0.1 1
184.68 0.1 1
190.64 0.1 1
194.65 0.1 1
198.59 0.1 1
202.57 0.1 1
208.56 0.1 1
214.56 0.1 1
218.48 0.1 1
224.37 0.1 1
228.28 0.1 1
238.24 0.1 1
244.25 0.1 1
246.19 0.1 1
250.12 0.1 1
258.09 0.1 1
260.03 0.1 1
262.06 0.1 1
264.2 0.1 1
266 0.1 1
270.08 0.1 1
273.95 0.1 1
275.98 0.1 1
280.05 0.1 1
285.89 0.1 1
289.94 0.1 1
295.91 0.1 1
297.89 0.1 1
299.79 0.1 1
301.81 0.1 1
303.71 0.1 1
305.84 0.1 1
307.85 0.1 1
309.66 0.1 1
325.54 0.1 1
327.54 0.1 1
331.55 0.1 1
333.47 0.1 1
337.56 0.1 1
341.42 0.1 1
349.41 0.1 1
355.35 0.1 1
359.35 0.1 1
361.28 0.1 1
363.3 0.1 1
365.32 0.1 1
371.33 0.1 1
375.15 0.1 1
377.1 0.1 1
385.22 0.1 1
393.02 0.1 1
395.06 0.1 1
401.01 0.1 1
402.88 0.1 1
410.85 0.1 1
412.8 0.1 1
414.92 0.1 1
424.8 0.1 1
426.72 0.1 1
438.68 0.1 1
440.68 0.1 1
442.61 0.1 1
446.64 0.1 1
448.58 0.1 1
458.47 0.1 1
462.53 0.1 1
466.54 0.1 1
468.39 0.1 1
474.39 0.1 1
480.34 0.1 1
482.26 0.1 1
484.31 0.1 1
486.41 0.1 1
492.26 0.1 1
494.19 0.1 1
496.28 0.1 1
500.2 0.1 1
504.13 0.1 1
