4.25 0.1 1
6.06 0.1 1
10.2 0.1 1
12.13 0.1 1
18.13 0.1 1
20.07 0.1 1
22 0.1 1
24.1 0.1 1
26.05 0.1 1
33.92 0.1 1
35.84 0.1 1
37.89 0.1 1
41.86 0.1 1
45.73 0.1 1
47.76 0.1 1
49.86 0.1 1
51.68 0.1 1
57.73 0.1 1
67.67 0.1 1
69.53 0.1 1
71.64 0.1 1
73.7 0.1 1
77.62 0.1 1
79.56 0.1 1
81.61 0.1 1
85.59 0.1 1
87.49 0.1 1
89.43 0.1 1
91.48 0.1 1
95.5 0.1 1
107.42 0.1 1
121.24 0.1 1
125.17 0.1 1
127.07 0.1 1
131.16 0.1 1
133.16 0.1 1
135.04 0.1 1
137.06 0.1 1
139.03 0.1 1
144.98 0.1 1
146.9 0.1 1
151.05 0.1 1
152.9 0.1 1
154.93 0.1 1
162.94 0.1 1
166.89 0.1 1
168.71 0.1 1
170.81 0.1 1
172.74 0.1 1
176.69 0.1 1
182.78 0.1 1
184.59 0.1 1
190.61 0.1 1
194.65 0.1 1
198.5 0.1 1
202.48 0.1 1
208.39 0.1 1
214.44 0.1 1
218.46 0.1 1
224.23 0.1 1
228.23 0.1 1
238.3 0.1 1
244.22 0.1 1
246.25 0.1 1
250.13 0.1 1
258.09 0.1 1
260.06 0.1 1
261.99 0.1 1
264.01 0.1 1
266.06 0.1 1
269.86 0.1 1
273.89 0.1 1
275.94 0.1 1
279.88 0.1 1
285.87 0.1 1
289.85 0.1 1
295.74 0.1 1
297.69 0.1 1
299.74 0.1 1
301.72 0.1 1
303.69 0.1 1
305.67 0.1 1
307.56 0.1 1
309.66 0.1 1
325.38 0.1 1
327.56 0.1 1
331.53 0.1 1
333.43 0.1 1
337.45 0.1 1
341.37 0.1 1
349.39 0.1 1
355.19 0.1 1
359.12 0.1 1
361.23 0.1 1
363.16 0.1 1
365.14 0.1 1
371.1 0.1 1
375.17 0.1 1
377.15 0.1 1
384.99 0.1 1
392.95 0.1 1
395.02 0.1 1
400.77 0.1 1
402.77 0.1 1
410.88 0.1 1
412.78 0.1 1
414.66 0.1 1
424.62 0.1 1
426.58 0.1 1
438.62 0.1 1
440.61 0.1 1
442.61 0.1 1
446.54 0.1 1
448.48 0.1 1
458.48 0.1 1
462.35 0.1 1
466.26 0.1 1
468.38 0.1 1
474.25 0.1 1
480.19 0.1 1
482.24 0.1 1
484.27 0.1 1
486.2 0.1 1
492.06 0.1 1
494.07 0.1 1
496.09 0.1 1
500.16 0.1 1
504.13 0.1 1
