4.25 0.1 1
6.07 0.1 1
10.17 0.1 1
12.04 0.1 1
18.16 0.1 1
20.02 0.1 1
22.09 0.1 1
24.13 0.1 1
26.08 0.1 1
34.05 0.1 1
36.03 0.1 1
37.86 0.1 1
41.83 0.1 1
45.87 0.1 1
47.8 0.1 1
49.78 0.1 1
51.85 0.1 1
57.84 0.1 1
67.74 0.1 1
69.71 0.1 1
71.56 0.1 1
73.58 0.1 1
77.58 0.1 1
79.56 0.1 1
81.53 0.1 1
85.55 0.1 1
87.6 0.1 1
89.57 0.1 1
91.42 0.1 1
95.5 0.1 1
107.27 0.1 1
121.28 0.1 1
125.31 0.1 1
127.21 0.1 1
131.2 0.1 1
133.16 0.1 1
135.22 0.1 1
137.15 0.1 1
139.2 0.1 1
145.12 0.1 1
147.12 0.1 1
151 0.1 1
152.91 0.1 1
155.06 0.1 1
162.82 0.1 1
166.78 0.1 1
168.93 0.1 1
170.76 0.1 1
172.86 0.1 1
176.68 0.1 1
182.72 0.1 1
184.78 0.1 1
190.59 0.1 1
194.54 0.1 1
198.69 0.1 1
202.52 0.1 1
208.59 0.1 1
214.43 0.1 1
218.41 0.1 1
224.41 0.1 1
228.37 0.1 1
238.32 0.1 1
244.22 0.1 1
246.12 0.1 1
250.12 0.1 1
258.09 0.1 1
260.09 0.1 1
262.1 0.1 1
264 0.1 1
265.96 0.1 1
270.06 0.1 1
273.93 0.1 1
275.98 0.1 1
280.02 0.1 1
285.84 0.1 1
289.94 0.1 1
295.77 0.1 1
297.79 0.1 1
299.79 0.1 1
301.69 0.1 1
303.68 0.1 1
305.84 0.1 1
307.73 0.1 1
309.66 0.1 1
325.53 0.1 1
327.58 0.1 1
331.64 0.1 1
333.6 0.1 1
337.49 0.1 1
341.39 0.1 1
349.49 0.1 1
355.36 0.1 1
359.4 0.1 1
361.33 0.1 1
363.28 0.1 1
365.26 0.1 1
371.28 0.1 1
375.13 0.1 1
377.14 0.1 1
385.04 0.1 1
392.99 0.1 1
395.04 0.1 1
401.01 0.1 1
403 0.1 1
410.87 0.1 1
412.8 0.1 1
414.85 0.1 1
424.84 0.1 1
426.72 0.1 1
438.73 0.1 1
440.56 0.1 1
442.74 0.1 1
446.66 0.1 1
448.64 0.1 1
458.45 0.1 1
462.45 0.1 1
466.35 0.1 1
468.52 0.1 1
474.47 0.1 1
480.42 0.1 1
482.22 0.1 1
484.32 0.1 1
486.38 0.1 1
492.28 0.1 1
494.3 0.1 1
496.13 0.1 1
500.15 0.1 1
504.23 0.1 1
