4.29 0.1 1
6.09 0.1 1
10.21 0.1 1
12.16 0.1 1
18.01 0.1 1
19.96 0.1 1
22.11 0.1 1
23.93 0.1 1
26.05 0.1 1
34.05 0.1 1
35.87 0.1 1
37.9 0.1 1
41.79 0.1 1
45.92 0.1 1
47.82 0.1 1
49.79 0.1 1
51.76 0.1 1
57.83 0.1 1
67.65 0.1 1
69.7 0.1 1
71.68 0.1 1
73.68 0.1 1
77.55 0.1 1
79.69 0.1 1
81.47 0.1 1
85.57 0.1 1
87.62 0.1 1
89.61 0.1 1
91.42 0.1 1
95.37 0.1 1
107.28 0.1 1
121.25 0.1 1
125.19 0.1 1
127.07 0.1 1
131.1 0.1 1
133.19 0.1 1
135.06 0.1 1
137.06 0.1 1
139.07 0.1 1
144.94 0.1 1
147.06 0.1 1
151.04 0.1 1
152.94 0.1 1
154.83 0.1 1
162.91 0.1 1
166.8 0.1 1
168.77 0.1 1
170.85 0.1 1
172.87 0.1 1
176.67 0.1 1
182.66 0.1 1
184.62 0.1 1
190.53 0.1 1
194.59 0.1 1
198.56 0.1 1
202.46 0.1 1
208.53 0.1 1
214.37 0.1 1
218.37 0.1 1
224.32 0.1 1
228.27 0.1 1
238.28 0.1 1
244.15 0.1 1
246.25 0.1 1
250.2 0.1 1
258.17 0.1 1
259.98 0.1 1
262.12 0.1 1
264.04 0.1 1
266.02 0.1 1
269.89 0.1 1
273.87 0.1 1
275.81 0.1 1
279.79 0.1 1
285.86 0.1 1
289.83 0.1 1
295.83 0.1 1
297.8 0.1 1
299.7 0.1 1
301.63 0.1 1
303.65 0.1 1
305.55 0.1 1
307.6 0.1 1
309.62 0.1 1
325.39 0.1 1
327.54 0.1 1
331.39 0.1 1
333.44 0.1 1
337.33 0.1 1
341.33 0.1 1
349.32 0.1 1
355.15 0.1 1
359.3 0.1 1
361.14 0.1 1
363.14 0.1 1
365.07 0.1 1
371.06 0.1 1
375.14 0.1 1
377.04 0.1 1
385 0.1 1
392.93 0.1 1
395.02 0.1 1
400.94 0.1 1
402.8 0.1 1
410.76 0.1 1
412.81 0.1 1
414.76 0.1 1
424.78 0.1 1
426.65 0.1 1
438.5 0.1 1
440.6 0.1 1
442.57 0.1 1
446.42 0.1 1
448.47 0.1 1
458.31 0.1 1
462.31 0.1 1
466.39 0.1 1
468.38 0.1 1
474.38 0.1 1
480.2 0.1 1
482.32 0.1 1
484.1 0.1 1
486.15 0.1 1
492.17 0.1 1
494.1 0.1 1
496.05 0.1 1
499.99 0.1 1
503.96 0.1 1
