4.25 0.1 1
6.13 0.1 1
10.03 0.1 1
12.13 0.1 1
18.14 0.1 1
20 0.1 1
22.1 0.1 1
23.95 0.1 1
26 0.1 1
33.87 0.1 1
35.99 0.1 1
37.91 0.1 1
41.79 0.1 1
45.91 0.1 1
47.91 0.1 1
49.85 0.1 1
51.73 0.1 1
57.65 0.1 1
67.64 0.1 1
69.7 0.1 1
71.69 0.1 1
73.71 0.1 1
77.67 0.1 1
79.53 0.1 1
81.46 0.1 1
85.54 0.1 1
87.49 0.1 1
89.55 0.1 1
91.53 0.1 1
95.36 0.1 1
107.3 0.1 1
121.32 0.1 1
125.31 0.1 1
127.12 0.1 1
131.18 0.1 1
133.04 0.1 1
135.03 0.1 1
137.18 0.1 1
139 0.1 1
144.98 0.1 1
147.07 0.1 1
150.97 0.1 1
153 0.1 1
155.05 0.1 1
162.99 0.1 1
166.87 0.1 1
168.87 0.1 1
170.76 0.1 1
172.88 0.1 1
176.83 0.1 1
182.68 0.1 1
184.8 0.1 1
190.67 0.1 1
194.7 0.1 1
198.57 0.1 1
202.6 0.1 1
208.5 0.1 1
214.59 0.1 1
218.56 0.1 1
224.44 0.1 1
228.46 0.1 1
238.25 0.1 1
244.24 0.1 1
246.19 0.1 1
250.19 0.1 1
258.21 0.1 1
260.04 0.1 1
262.19 0.1 1
264.14 0.1 1
266.16 0.1 1
270.06 0.1 1
273.93 0.1 1
275.93 0.1 1
280 0.1 1
285.83 0.1 1
289.97 0.1 1
295.94 0.1 1
297.75 0.1 1
299.77 0.1 1
301.82 0.1 1
303.84 0.1 1
305.86 0.1 1
307.69 0.1 1
309.63 0.1 1
325.58 0.1 1
327.63 0.1 1
331.5 0.1 1
333.55 0.1 1
337.54 0.1 1
341.56 0.1 1
349.51 0.1 1
355.29 0.1 1
359.26 0.1 1
361.33 0.1 1
363.2 0.1 1
365.26 0.1 1
371.33 0.1 1
375.17 0.1 1
377.13 0.1 1
385.2 0.1 1
392.97 0.1 1
395.07 0.1 1
401.03 0.1 1
403.03 0.1 1
410.88 0.1 1
412.9 0.1 1
414.81 0.1 1
424.72 0.1 1
426.82 0.1 1
438.74 0.1 1
440.64 0.1 1
442.57 0.1 1
446.63 0.1 1
448.58 0.1 1
458.48 0.1 1
462.47 0.1 1
466.52 0.1 1
468.52 0.1 1
474.3 0.1 1
480.24 0.1 1
482.34 0.1 1
484.36 0.1 1
486.38 0.1 1
492.31 0.1 1
494.24 0.1 1
496.25 0.1 1
500.26 0.1 1
504.15 0.1 1
