4.21 0.1 1
6.16 0.1 1
10.2 0.1 1
12.04 0.1 1
18.13 0.1 1
20 0.1 1
22.02 0.1 1
24 0.1 1
26.07 0.1 1
33.9 0.1 1
35.89 0.1 1
37.87 0.1 1
41.99 0.1 1
45.83 0.1 1
47.91 0.1 1
49.78 0.1 1
51.74 0.1 1
57.73 0.1 1
67.77 0.1 1
69.75 0.1 1
71.69 0.1 1
73.57 0.1 1
77.7 0.1 1
79.49 0.1 1
81.66 0.1 1
85.57 0.1 1
87.46 0.1 1
89.58 0.1 1
91.46 0.1 1
95.38 0.1 1
107.31 0.1 1
121.34 0.1 1
125.17 0.1 1
127.09 0.1 1
131.17 0.1 1
133.14 0.1 1
135.18 0.1 1
137.04 0.1 1
138.99 0.1 1
144.98 0.1 1
147.05 0.1 1
150.97 0.1 1
153.01 0.1 1
155 0.1 1
162.8 0.1 1
166.77 0.1 1
168.87 0.1 1
170.86 0.1 1
172.86 0.1 1
176.71 0.1 1
182.66 0.1 1
184.63 0.1 1
190.6 0.1 1
194.56 0.1 1
198.53 0.1 1
202.63 0.1 1
208.52 0.1 1
214.35 0.1 1
218.42 0.1 1
224.44 0.1 1
228.26 0.1 1
238.33 0.1 1
244.12 0.1 1
246.27 0.1 1
250.25 0.1 1
257.99 0.1 1
259.97 0.1 1
262.11 0.1 1
264.04 0.1 1
266.07 0.1 1
270.08 0.1 1
274.05 0.1 1
275.88 0.1 1
279.96 0.1 1
285.92 0.1 1
289.92 0.1 1
295.79 0.1 1
297.7 0.1 1
299.65 0.1 1
301.65 0.1 1
303.71 0.1 1
305.76 0.1 1
307.69 0.1 1
309.64 0.1 1
325.61 0.1 1
327.48 0.1 1
331.57 0.1 1
333.38 0.1 1
337.52 0.1 1
341.5 0.1 1
349.39 0.1 1
355.26 0.1 1
359.28 0.1 1
361.24 0.1 1
363.21 0.1 1
365.31 0.1 1
371.15 0.1 1
375.05 0.1 1
377.15 0.1 1
385.07 0.1 1
392.99 0.1 1
394.91 0.1 1
400.96 0.1 1
402.86 0.1 1
410.96 0.1 1
412.78 0.1 1
414.78 0.1 1
424.79 0.1 1
426.84 0.1 1
438.61 0.1 1
440.61 0.1 1
442.64 0.1 1
446.56 0.1 1
448.63 0.1 1
458.51 0.1 1
462.48 0.1 1
466.43 0.1 1
468.37 0.1 1
474.32 0.1 1
480.36 0.1 1
482.19 0.1 1
484.19 0.1 1
486.16 0.1 1
492.11 0.1 1
494.18 0.1 1
496.26 0.1 1
500.1 0.1 1
504.15 0.1 1
