4.23 0.1 1
6.18 0.1 1
10.16 0.1 1
12.11 0.1 1
18.03 0.1 1
20.12 0.1 1
22.13 0.1 1
23.98 0.1 1
26 0.1 1
33.94 0.1 1
36.02 0.1 1
37.84 0.1 1
41.99 0.1 1
45.81 0.1 1
47.78 0.1 1
49.83 0.1 1
51.76 0.1 1
57.7 0.1 1
67.7 0.1 1
69.72 0.1 1
71.64 0.1 1
73.55 0.1 1
77.62 0.1 1
79.62 0.1 1
81.5 0.1 1
85.44 0.1 1
87.56 0.1 1
89.61 0.1 1
91.46 0.1 1
95.41 0.1 1
107.28 0.1 1
121.32 0.1 1
125.19 0.1 1
127.25 0.1 1
131.27 0.1 1
133.26 0.1 1
135.04 0.1 1
137.21 0.1 1
139.01 0.1 1
145.13 0.1 1
147.01 0.1 1
151.01 0.1 1
152.93 0.1 1
154.91 0.1 1
162.99 0.1 1
166.9 0.1 1
168.77 0.1 1
170.85 0.1 1
172.77 0.1 1
176.79 0.1 1
182.69 0.1 1
184.84 0.1 1
190.61 0.1 1
194.61 0.1 1
198.71 0.1 1
202.55 0.1 1
208.59 0.1 1
214.57 0.1 1
218.49 0.1 1
224.52 0.1 1
228.34 0.1 1
238.4 0.1 1
244.3 0.1 1
246.3 0.1 1
250.25 0.1 1
258.07 0.1 1
260.14 0.1 1
262.1 0.1 1
264.02 0.1 1
266.11 0.1 1
269.96 0.1 1
274.01 0.1 1
276.06 0.1 1
280.01 0.1 1
285.98 0.1 1
289.95 0.1 1
295.78 0.1 1
297.8 0.1 1
299.9 0.1 1
301.82 0.1 1
303.82 0.1 1
305.87 0.1 1
307.7 0.1 1
309.69 0.1 1
325.64 0.1 1
327.49 0.1 1
331.66 0.1 1
333.48 0.1 1
337.55 0.1 1
341.43 0.1 1
349.49 0.1 1
355.34 0.1 1
359.32 0.1 1
361.37 0.1 1
363.36 0.1 1
365.34 0.1 1
371.19 0.1 1
375.14 0.1 1
377.13 0.1 1
385.17 0.1 1
393.13 0.1 1
394.99 0.1 1
400.99 0.1 1
402.97 0.1 1
410.96 0.1 1
412.94 0.1 1
414.96 0.1 1
424.85 0.1 1
426.75 0.1 1
438.68 0.1 1
440.65 0.1 1
442.57 0.1 1
446.54 0.1 1
448.55 0.1 1
458.49 0.1 1
462.46 0.1 1
466.49 0.1 1
468.41 0.1 1
474.43 0.1 1
480.45 0.1 1
482.33 0.1 1
484.38 0.1 1
486.37 0.1 1
492.22 0.1 1
494.15 0.1 1
496.19 0.1 1
500.24 0.1 1
504.27 0.1 1
