4.29 0.1 1
6.12 0.1 1
10.07 0.1 1
12.07 0.1 1
18.02 0.1 1
20.13 0.1 1
22.09 0.1 1
24.04 0.1 1
26.05 0.1 1
34.02 0.1 1
35.95 0.1 1
37.95 0.1 1
41.9 0.1 1
45.9 0.1 1
47.74 0.1 1
49.85 0.1 1
51.84 0.1 1
57.81 0.1 1
67.68 0.1 1
69.64 0.1 1
71.59 0.1 1
73.7 0.1 1
77.53 0.1 1
79.67 0.1 1
81.6 0.1 1
85.55 0.1 1
87.48 0.1 1
89.57 0.1 1
91.47 0.1 1
95.4 0.1 1
107.28 0.1 1
121.35 0.1 1
125.28 0.1 1
127.2 0.1 1
131.07 0.1 1
133.24 0.1 1
135.2 0.1 1
137.15 0.1 1
139.04 0.1 1
145.07 0.1 1
147.02 0.1 1
150.96 0.1 1
153.04 0.1 1
154.93 0.1 1
163.01 0.1 1
166.8 0.1 1
168.97 0.1 1
170.9 0.1 1
172.8 0.1 1
176.74 0.1 1
182.84 0.1 1
184.69 0.1 1
190.66 0.1 1
194.74 0.1 1
198.69 0.1 1
202.69 0.1 1
208.58 0.1 1
214.45 0.1 1
218.45 0.1 1
224.54 0.1 1
228.49 0.1 1
238.22 0.1 1
244.23 0.1 1
246.33 0.1 1
250.21 0.1 1
258.17 0.1 1
260.18 0.1 1
262.13 0.1 1
264.22 0.1 1
266.1 0.1 1
270.09 0.1 1
274.04 0.1 1
276.07 0.1 1
279.89 0.1 1
285.84 0.1 1
289.84 0.1 1
295.91 0.1 1
297.9 0.1 1
299.76 0.1 1
301.8 0.1 1
303.87 0.1 1
305.82 0.1 1
307.72 0.1 1
309.67 0.1 1
325.69 0.1 1
327.54 0.1 1
331.53 0.1 1
333.56 0.1 1
337.48 0.1 1
341.43 0.1 1
349.33 0.1 1
355.3 0.1 1
359.32 0.1 1
361.27 0.1 1
363.4 0.1 1
365.24 0.1 1
371.34 0.1 1
375.14 0.1 1
377.13 0.1 1
385.11 0.1 1
393.01 0.1 1
395.13 0.1 1
400.94 0.1 1
402.95 0.1 1
410.91 0.1 1
412.82 0.1 1
414.82 0.1 1
424.78 0.1 1
426.86 0.1 1
438.68 0.1 1
440.63 0.1 1
442.62 0.1 1
446.62 0.1 1
448.74 0.1 1
458.59 0.1 1
462.44 0.1 1
466.53 0.1 1
468.43 0.1 1
474.45 0.1 1
480.3 0.1 1
482.4 0.1 1
484.4 0.1 1
486.33 0.1 1
492.25 0.1 1
494.22 0.1 1
496.2 0.1 1
500.24 0.1 1
504.29 0.1 1
