4.12 0.1 1
6.22 0.1 1
10.14 0.1 1
12.11 0.1 1
18.11 0.1 1
20.16 0.1 1
22.15 0.1 1
24.01 0.1 1
26.07 0.1 1
33.88 0.1 1
35.92 0.1 1
37.95 0.1 1
41.84 0.1 1
45.81 0.1 1
47.87 0.1 1
49.72 0.1 1
51.91 0.1 1
57.73 0.1 1
67.65 0.1 1
69.72 0.1 1
71.73 0.1 1
73.53 0.1 1
77.68 0.1 1
79.53 0.1 1
81.52 0.1 1
85.54 0.1 1
87.54 0.1 1
89.59 0.1 1
91.49 0.1 1
95.39 0.1 1
107.39 0.1 1
121.35 0.1 1
125.3 0.1 1
127.15 0.1 1
131.12 0.1 1
133.22 0.1 1
135.12 0.1 1
137.22 0.1 1
139.02 0.1 1
144.99 0.1 1
147.08 0.1 1
151.09 0.1 1
153.04 0.1 1
154.88 0.1 1
162.87 0.1 1
166.85 0.1 1
168.82 0.1 1
170.8 0.1 1
172.94 0.1 1
176.74 0.1 1
182.77 0.1 1
184.64 0.1 1
190.76 0.1 1
194.69 0.1 1
198.68 0.1 1
202.51 0.1 1
208.57 0.1 1
214.48 0.1 1
218.54 0.1 1
224.42 0.1 1
228.44 0.1 1
238.23 0.1 1
244.21 0.1 1
246.33 0.1 1
250.11 0.1 1
258.17 0.1 1
260.15 0.1 1
262.04 0.1 1
264.1 0.1 1
266.07 0.1 1
270.09 0.1 1
273.92 0.1 1
276.11 0.1 1
280.02 0.1 1
285.98 0.1 1
289.86 0.1 1
295.85 0.1 1
297.87 0.1 1
299.73 0.1 1
301.83 0.1 1
303.75 0.1 1
305.69 0.1 1
307.85 0.1 1
309.65 0.1 1
325.66 0.1 1
327.68 0.1 1
331.54 0.1 1
333.53 0.1 1
337.51 0.1 1
341.53 0.1 1
349.33 0.1 1
355.3 0.1 1
359.42 0.1 1
361.31 0.1 1
363.24 0.1 1
365.26 0.1 1
371.14 0.1 1
375.16 0.1 1
377.26 0.1 1
385.03 0.1 1
393.1 0.1 1
395.07 0.1 1
400.95 0.1 1
402.94 0.1 1
410.87 0.1 1
412.91 0.1 1
414.91 0.1 1
424.91 0.1 1
426.85 0.1 1
438.75 0.1 1
440.62 0.1 1
442.57 0.1 1
446.69 0.1 1
448.54 0.1 1
458.61 0.1 1
462.56 0.1 1
466.54 0.1 1
468.55 0.1 1
474.46 0.1 1
480.35 0.1 1
482.45 0.1 1
484.28 0.1 1
486.27 0.1 1
492.25 0.1 1
494.24 0.1 1
496.32 0.1 1
500.26 0.1 1
504.24 0.1 1
