4.29 0.1 1
6.09 0.1 1
10.18 0.1 1
12.13 0.1 1
18.11 0.1 1
20.03 0.1 1
22.05 0.1 1
24.05 0.1 1
26 0.1 1
33.9 0.1 1
36.03 0.1 1
37.87 0.1 1
41.79 0.1 1
45.82 0.1 1
47.92 0.1 1
49.77 0.1 1
51.82 0.1 1
57.73 0.1 1
67.7 0.1 1
69.6 0.1 1
71.75 0.1 1
73.72 0.1 1
77.67 0.1 1
79.64 0.1 1
81.64 0.1 1
85.44 0.1 1
87.44 0.1 1
89.52 0.1 1
91.54 0.1 1
95.41 0.1 1
107.28 0.1 1
121.32 0.1 1
125.19 0.1 1
127.19 0.1 1
131.22 0.1 1
133.1 0.1 1
135.09 0.1 1
137.16 0.1 1
139.12 0.1 1
145.03 0.1 1
147.04 0.1 1
151.06 0.1 1
152.9 0.1 1
154.98 0.1 1
162.81 0.1 1
166.82 0.1 1
168.78 0.1 1
170.9 0.1 1
172.74 0.1 1
176.87 0.1 1
182.84 0.1 1
184.69 0.1 1
190.64 0.1 1
194.64 0.1 1
198.58 0.1 1
202.61 0.1 1
208.6 0.1 1
214.43 0.1 1
218.42 0.1 1
224.52 0.1 1
228.34 0.1 1
238.36 0.1 1
244.16 0.1 1
246.35 0.1 1
250.25 0.1 1
258.12 0.1 1
260.08 0.1 1
262.13 0.1 1
264.07 0.1 1
266.09 0.1 1
270.02 0.1 1
274.09 0.1 1
276.04 0.1 1
279.94 0.1 1
285.93 0.1 1
289.81 0.1 1
295.9 0.1 1
297.81 0.1 1
299.88 0.1 1
301.77 0.1 1
303.73 0.1 1
305.82 0.1 1
307.65 0.1 1
309.65 0.1 1
325.66 0.1 1
327.58 0.1 1
331.46 0.1 1
333.41 0.1 1
337.36 0.1 1
341.35 0.1 1
349.28 0.1 1
355.37 0.1 1
359.39 0.1 1
361.2 0.1 1
363.21 0.1 1
365.14 0.1 1
371.26 0.1 1
375.06 0.1 1
377.14 0.1 1
385.05 0.1 1
392.95 0.1 1
394.97 0.1 1
400.94 0.1 1
402.92 0.1 1
410.96 0.1 1
412.86 0.1 1
414.84 0.1 1
424.8 0.1 1
426.83 0.1 1
438.65 0.1 1
440.63 0.1 1
442.54 0.1 1
446.67 0.1 1
448.64 0.1 1
458.56 0.1 1
462.39 0.1 1
466.33 0.1 1
468.35 0.1 1
474.41 0.1 1
480.35 0.1 1
482.37 0.1 1
484.17 0.1 1
486.18 0.1 1
492.22 0.1 1
494.14 0.1 1
496.27 0.1 1
500.11 0.1 1
504.07 0.1 1
