4.11 0.1 1
6.12 0.1 1
10.17 0.1 1
12.22 0.1 1
17.97 0.1 1
20.07 0.1 1
22.09 0.1 1
23.99 0.1 1
25.97 0.1 1
33.84 0.1 1
35.96 0.1 1
37.83 0.1 1
41.83 0.1 1
45.85 0.1 1
47.9 0.1 1
49.91 0.1 1
51.83 0.1 1
57.67 0.1 1
67.62 0.1 1
69.75 0.1 1
71.7 0.1 1
73.71 0.1 1
77.57 0.1 1
79.61 0.1 1
81.58 0.1 1
85.61 0.1 1
87.59 0.1 1
89.53 0.1 1
91.58 0.1 1
95.38 0.1 1
107.28 0.1 1
121.26 0.1 1
125.11 0.1 1
127.16 0.1 1
131.06 0.1 1
133.11 0.1 1
135.13 0.1 1
137.09 0.1 1
139.11 0.1 1
145.06 0.1 1
146.97 0.1 1
150.92 0.1 1
153.07 0.1 1
154.87 0.1 1
162.99 0.1 1
166.84 0.1 1
168.77 0.1 1
170.79 0.1 1
172.78 0.1 1
176.78 0.1 1
182.61 0.1 1
184.68 0.1 1
190.65 0.1 1
194.57 0.1 1
198.6 0.1 1
202.47 0.1 1
208.39 0.1 1
214.47 0.1 1
218.47 0.1 1
224.31 0.1 1
228.33 0.1 1
238.28 0.1 1
244.1 0.1 1
246.17 0.1 1
250.1 0.1 1
258.07 0.1 1
260.11 0.1 1
261.97 0.1 1
263.94 0.1 1
265.93 0.1 1
269.93 0.1 1
273.86 0.1 1
275.93 0.1 1
279.91 0.1 1
285.77 0.1 1
289.78 0.1 1
295.77 0.1 1
297.69 0.1 1
299.74 0.1 1
301.64 0.1 1
303.65 0.1 1
305.77 0.1 1
307.72 0.1 1
309.62 0.1 1
325.53 0.1 1
327.48 0.1 1
331.45 0.1 1
333.47 0.1 1
337.42 0.1 1
341.42 0.1 1
349.36 0.1 1
355.26 0.1 1
359.29 0.1 1
361.29 0.1 1
363.13 0.1 1
365.18 0.1 1
371.11 0.1 1
375.13 0.1 1
377.05 0.1 1
384.94 0.1 1
392.99 0.1 1
395 0.1 1
400.91 0.1 1
402.77 0.1 1
410.78 0.1 1
412.76 0.1 1
414.86 0.1 1
424.77 0.1 1
426.65 0.1 1
438.59 0.1 1
440.57 0.1 1
442.61 0.1 1
446.61 0.1 1
448.52 0.1 1
458.44 0.1 1
462.35 0.1 1
466.26 0.1 1
468.25 0.1 1
474.37 0.1 1
480.15 0.1 1
482.15 0.1 1
484.15 0.1 1
486.27 0.1 1
492.26 0.1 1
494.06 0.1 1
496.14 0.1 1
500.09 0.1 1
503.98 0.1 1
