4.24 0.1 1
6.07 0.1 1
10.07 0.1 1
12.08 0.1 1
18.14 0.1 1
19.96 0.1 1
22.15 0.1 1
24.08 0.1 1
25.98 0.1 1
33.95 0.1 1
35.92 0.1 1
38.02 0.1 1
41.87 0.1 1
45.89 0.1 1
47.77 0.1 1
49.89 0.1 1
51.84 0.1 1
57.74 0.1 1
67.58 0.1 1
69.73 0.1 1
71.72 0.1 1
73.58 0.1 1
77.55 0.1 1
79.63 0.1 1
81.6 0.1 1
85.49 0.1 1
87.55 0.1 1
89.41 0.1 1
91.54 0.1 1
95.39 0.1 1
107.38 0.1 1
121.3 0.1 1
125.2 0.1 1
127.14 0.1 1
131.24 0.1 1
133.15 0.1 1
135.04 0.1 1
137.22 0.1 1
139.02 0.1 1
144.99 0.1 1
147.08 0.1 1
150.94 0.1 1
153.06 0.1 1
154.96 0.1 1
162.92 0.1 1
166.92 0.1 1
168.83 0.1 1
170.78 0.1 1
172.87 0.1 1
176.74 0.1 1
182.67 0.1 1
184.79 0.1 1
190.66 0.1 1
194.71 0.1 1
198.55 0.1 1
202.58 0.1 1
208.57 0.1 1
214.53 0.1 1
218.42 0.1 1
224.35 0.1 1
228.36 0.1 1
238.26 0.1 1
244.35 0.1 1
246.33 0.1 1
250.13 0.1 1
258.07 0.1 1
260.07 0.1 1
262.04 0.1 1
264.14 0.1 1
266.12 0.1 1
269.96 0.1 1
274.02 0.1 1
276.09 0.1 1
279.96 0.1 1
285.86 0.1 1
289.98 0.1 1
295.93 0.1 1
297.87 0.1 1
299.8 0.1 1
301.8 0.1 1
303.75 0.1 1
305.69 0.1 1
307.64 0.1 1
309.67 0.1 1
325.63 0.1 1
327.59 0.1 1
331.48 0.1 1
333.56 0.1 1
337.38 0.1 1
341.5 0.1 1
349.29 0.1 1
355.27 0.1 1
359.29 0.1 1
361.19 0.1 1
363.24 0.1 1
365.29 0.1 1
371.13 0.1 1
375.19 0.1 1
377.21 0.1 1
385.13 0.1 1
393.04 0.1 1
394.97 0.1 1
401.04 0.1 1
403.04 0.1 1
410.98 0.1 1
412.89 0.1 1
414.84 0.1 1
424.78 0.1 1
426.7 0.1 1
438.63 0.1 1
440.72 0.1 1
442.57 0.1 1
446.59 0.1 1
448.61 0.1 1
458.51 0.1 1
462.58 0.1 1
466.55 0.1 1
468.48 0.1 1
474.28 0.1 1
480.35 0.1 1
482.27 0.1 1
484.32 0.1 1
486.19 0.1 1
492.29 0.1 1
494.26 0.1 1
496.29 0.1 1
500.07 0.1 1
504.23 0.1 1
