4.29 0.1 1
6.27 0.1 1
10.05 0.1 1
12.19 0.1 1
18.01 0.1 1
20.01 0.1 1
22.11 0.1 1
23.93 0.1 1
25.98 0.1 1
33.85 0.1 1
36.01 0.1 1
37.86 0.1 1
41.87 0.1 1
45.83 0.1 1
47.85 0.1 1
49.72 0.1 1
51.72 0.1 1
57.77 0.1 1
67.67 0.1 1
69.59 0.1 1
71.68 0.1 1
73.58 0.1 1
77.63 0.1 1
79.56 0.1 1
81.48 0.1 1
85.6 0.1 1
87.5 0.1 1
89.43 0.1 1
91.53 0.1 1
95.48 0.1 1
107.29 0.1 1
121.28 0.1 1
125.19 0.1 1
127.2 0.1 1
131.06 0.1 1
133.16 0.1 1
135.08 0.1 1
137.15 0.1 1
139 0.1 1
145.02 0.1 1
147 0.1 1
150.92 0.1 1
152.92 0.1 1
154.92 0.1 1
162.94 0.1 1
166.91 0.1 1
168.76 0.1 1
170.73 0.1 1
172.7 0.1 1
176.78 0.1 1
182.75 0.1 1
184.6 0.1 1
190.55 0.1 1
194.62 0.1 1
198.62 0.1 1
202.57 0.1 1
208.54 0.1 1
214.36 0.1 1
218.31 0.1 1
224.4 0.1 1
228.28 0.1 1
238.15 0.1 1
244.14 0.1 1
246.22 0.1 1
250.19 0.1 1
258.06 0.1 1
260.01 0.1 1
262.01 0.1 1
264.14 0.1 1
266.05 0.1 1
270.01 0.1 1
273.95 0.1 1
275.88 0.1 1
279.97 0.1 1
285.95 0.1 1
289.94 0.1 1
295.86 0.1 1
297.87 0.1 1
299.66 0.1 1
301.81 0.1 1
303.63 0.1 1
305.64 0.1 1
307.66 0.1 1
309.6 0.1 1
325.57 0.1 1
327.52 0.1 1
331.52 0.1 1
333.39 0.1 1
337.44 0.1 1
341.42 0.1 1
349.34 0.1 1
355.24 0.1 1
359.28 0.1 1
361.28 0.1 1
363.2 0.1 1
365.28 0.1 1
371.22 0.1 1
375.05 0.1 1
377.14 0.1 1
385.11 0.1 1
392.98 0.1 1
394.98 0.1 1
400.83 0.1 1
402.88 0.1 1
410.78 0.1 1
412.87 0.1 1
414.83 0.1 1
424.72 0.1 1
426.74 0.1 1
438.67 0.1 1
440.64 0.1 1
442.61 0.1 1
446.48 0.1 1
448.6 0.1 1
458.43 0.1 1
462.4 0.1 1
466.38 0.1 1
468.37 0.1 1
474.24 0.1 1
480.32 0.1 1
482.24 0.1 1
484.16 0.1 1
486.26 0.1 1
492.11 0.1 1
494.16 0.1 1
496.18 0.1 1
500.1 0.1 1
504.1 0.1 1
