4.23 0.1 1
6.09 0.1 1
10.13 0.1 1
12.1 0.1 1
18.13 0.1 1
20.15 0.1 1
22.11 0.1 1
24.02 0.1 1
26 0.1 1
33.97 0.1 1
35.89 0.1 1
37.97 0.1 1
41.96 0.1 1
45.87 0.1 1
47.88 0.1 1
49.81 0.1 1
51.74 0.1 1
57.78 0.1 1
67.67 0.1 1
69.73 0.1 1
71.57 0.1 1
73.58 0.1 1
77.55 0.1 1
79.64 0.1 1
81.47 0.1 1
85.45 0.1 1
87.61 0.1 1
89.54 0.1 1
91.46 0.1 1
95.38 0.1 1
107.36 0.1 1
121.17 0.1 1
125.3 0.1 1
127.14 0.1 1
131.19 0.1 1
133.21 0.1 1
135.21 0.1 1
137.09 0.1 1
139.02 0.1 1
144.94 0.1 1
147.01 0.1 1
151.04 0.1 1
153.08 0.1 1
154.86 0.1 1
162.92 0.1 1
166.77 0.1 1
168.95 0.1 1
170.77 0.1 1
172.82 0.1 1
176.85 0.1 1
182.76 0.1 1
184.71 0.1 1
190.63 0.1 1
194.73 0.1 1
198.71 0.1 1
202.63 0.1 1
208.55 0.1 1
214.52 0.1 1
218.52 0.1 1
224.44 0.1 1
228.31 0.1 1
238.28 0.1 1
244.29 0.1 1
246.33 0.1 1
250.3 0.1 1
258.13 0.1 1
260.1 0.1 1
262.17 0.1 1
264.15 0.1 1
266.09 0.1 1
270.07 0.1 1
273.99 0.1 1
276.04 0.1 1
279.89 0.1 1
285.81 0.1 1
289.94 0.1 1
295.75 0.1 1
297.9 0.1 1
299.88 0.1 1
301.83 0.1 1
303.7 0.1 1
305.82 0.1 1
307.8 0.1 1
309.75 0.1 1
325.61 0.1 1
327.64 0.1 1
331.53 0.1 1
333.56 0.1 1
337.51 0.1 1
341.55 0.1 1
349.3 0.1 1
355.42 0.1 1
359.34 0.1 1
361.22 0.1 1
363.37 0.1 1
365.22 0.1 1
371.14 0.1 1
375.24 0.1 1
377.11 0.1 1
385.21 0.1 1
393.02 0.1 1
395.05 0.1 1
401.08 0.1 1
403.02 0.1 1
410.99 0.1 1
412.92 0.1 1
414.91 0.1 1
424.83 0.1 1
426.76 0.1 1
438.6 0.1 1
440.73 0.1 1
442.63 0.1 1
446.67 0.1 1
448.7 0.1 1
458.51 0.1 1
462.57 0.1 1
466.43 0.1 1
468.48 0.1 1
474.31 0.1 1
480.35 0.1 1
482.43 0.1 1
484.23 0.1 1
486.33 0.1 1
492.25 0.1 1
494.34 0.1 1
496.15 0.1 1
500.24 0.1 1
504.17 0.1 1
