4.2 0.1 1
6.14 0.1 1
10.22 0.1 1
12.21 0.1 1
18.16 0.1 1
20.06 0.1 1
22.01 0.1 1
24.06 0.1 1
25.98 0.1 1
33.9 0.1 1
35.9 0.1 1
37.98 0.1 1
41.93 0.1 1
45.75 0.1 1
47.85 0.1 1
49.87 0.1 1
51.82 0.1 1
57.85 0.1 1
67.76 0.1 1
69.74 0.1 1
71.56 0.1 1
73.64 0.1 1
77.56 0.1 1
79.56 0.1 1
81.61 0.1 1
85.58 0.1 1
87.42 0.1 1
89.55 0.1 1
91.48 0.1 1
95.52 0.1 1
107.39 0.1 1
121.18 0.1 1
125.2 0.1 1
127.23 0.1 1
131.22 0.1 1
133.2 0.1 1
135.15 0.1 1
137.03 0.1 1
139 0.1 1
145.02 0.1 1
146.97 0.1 1
151.06 0.1 1
152.97 0.1 1
154.94 0.1 1
163.01 0.1 1
166.86 0.1 1
168.93 0.1 1
170.76 0.1 1
172.88 0.1 1
176.75 0.1 1
182.74 0.1 1
184.74 0.1 1
190.67 0.1 1
194.62 0.1 1
198.57 0.1 1
202.64 0.1 1
208.64 0.1 1
214.48 0.1 1
218.51 0.1 1
224.47 0.1 1
228.3 0.1 1
238.25 0.1 1
244.31 0.1 1
246.16 0.1 1
250.26 0.1 1
258.2 0.1 1
260.06 0.1 1
262.05 0.1 1
264.01 0.1 1
266.01 0.1 1
270.15 0.1 1
274 0.1 1
275.9 0.1 1
279.95 0.1 1
285.86 0.1 1
289.91 0.1 1
295.79 0.1 1
297.93 0.1 1
299.73 0.1 1
301.76 0.1 1
303.8 0.1 1
305.86 0.1 1
307.65 0.1 1
309.83 0.1 1
325.59 0.1 1
327.67 0.1 1
331.46 0.1 1
333.57 0.1 1
337.44 0.1 1
341.54 0.1 1
349.33 0.1 1
355.35 0.1 1
359.42 0.1 1
361.25 0.1 1
363.3 0.1 1
365.37 0.1 1
371.3 0.1 1
375.22 0.1 1
377.24 0.1 1
385.09 0.1 1
393.08 0.1 1
395.06 0.1 1
401.08 0.1 1
403.03 0.1 1
410.95 0.1 1
412.95 0.1 1
414.87 0.1 1
424.81 0.1 1
426.71 0.1 1
438.71 0.1 1
440.7 0.1 1
442.75 0.1 1
446.55 0.1 1
448.68 0.1 1
458.54 0.1 1
462.59 0.1 1
466.49 0.1 1
468.56 0.1 1
474.48 0.1 1
480.31 0.1 1
482.39 0.1 1
484.35 0.1 1
486.25 0.1 1
492.17 0.1 1
494.18 0.1 1
496.18 0.1 1
500.17 0.1 1
504.09 0.1 1
