4.27 0.1 1
6.14 0.1 1
10.04 0.1 1
12.11 0.1 1
17.97 0.1 1
20.04 0.1 1
22.11 0.1 1
24.03 0.1 1
26.11 0.1 1
33.93 0.1 1
35.9 0.1 1
37.91 0.1 1
41.98 0.1 1
45.88 0.1 1
47.85 0.1 1
49.79 0.1 1
51.89 0.1 1
57.79 0.1 1
67.67 0.1 1
69.63 0.1 1
71.69 0.1 1
73.68 0.1 1
77.68 0.1 1
79.55 0.1 1
81.5 0.1 1
85.42 0.1 1
87.43 0.1 1
89.45 0.1 1
91.43 0.1 1
95.48 0.1 1
107.32 0.1 1
121.28 0.1 1
125.21 0.1 1
127.16 0.1 1
131.05 0.1 1
133 0.1 1
135.12 0.1 1
137.17 0.1 1
139.02 0.1 1
145.07 0.1 1
146.9 0.1 1
150.84 0.1 1
152.87 0.1 1
154.81 0.1 1
162.83 0.1 1
166.76 0.1 1
168.73 0.1 1
170.75 0.1 1
172.7 0.1 1
176.63 0.1 1
182.6 0.1 1
184.73 0.1 1
190.54 0.1 1
194.59 0.1 1
198.59 0.1 1
202.44 0.1 1
208.41 0.1 1
214.41 0.1 1
218.3 0.1 1
224.41 0.1 1
228.35 0.1 1
238.22 0.1 1
244.06 0.1 1
246.14 0.1 1
250.19 0.1 1
258.09 0.1 1
259.94 0.1 1
262 0.1 1
264.01 0.1 1
265.88 0.1 1
269.9 0.1 1
273.92 0.1 1
275.92 0.1 1
279.88 0.1 1
285.77 0.1 1
289.81 0.1 1
295.71 0.1 1
297.64 0.1 1
299.64 0.1 1
301.58 0.1 1
303.58 0.1 1
305.59 0.1 1
307.55 0.1 1
309.63 0.1 1
325.4 0.1 1
327.49 0.1 1
331.44 0.1 1
333.4 0.1 1
337.46 0.1 1
341.34 0.1 1
349.23 0.1 1
355.15 0.1 1
359.25 0.1 1
361.25 0.1 1
363.18 0.1 1
365.1 0.1 1
371.2 0.1 1
375.14 0.1 1
377.12 0.1 1
384.92 0.1 1
392.93 0.1 1
394.81 0.1 1
400.93 0.1 1
402.91 0.1 1
410.78 0.1 1
412.65 0.1 1
414.75 0.1 1
424.62 0.1 1
426.64 0.1 1
438.63 0.1 1
440.46 0.1 1
442.61 0.1 1
446.56 0.1 1
448.53 0.1 1
458.38 0.1 1
462.28 0.1 1
466.3 0.1 1
468.27 0.1 1
474.32 0.1 1
480.17 0.1 1
482.16 0.1 1
484.23 0.1 1
486.24 0.1 1
492.03 0.1 1
494.08 0.1 1
496.18 0.1 1
500 0.1 1
504.1 0.1 1
