4.06 0.1 1
6.05 0.1 1
10.07 0.1 1
12.07 0.1 1
18.03 0.1 1
19.93 0.1 1
22.03 0.1 1
24 0.1 1
25.95 0.1 1
33.88 0.1 1
35.66 0.1 1
37.73 0.1 1
41.77 0.1 1
45.55 0.1 1
47.54 0.1 1
49.48 0.1 1
51.56 0.1 1
57.57 0.1 1
67.29 0.1 1
69.36 0.1 1
71.26 0.1 1
73.38 0.1 1
77.2 0.1 1
79.2 0.1 1
81.27 0.1 1
85.04 0.1 1
87.18 0.1 1
89.16 0.1 1
91.08 0.1 1
94.9 0.1 1
106.95 0.1 1
120.71 0.1 1
124.63 0.1 1
126.72 0.1 1
130.66 0.1 1
132.67 0.1 1
134.59 0.1 1
136.54 0.1 1
138.56 0.1 1
144.4 0.1 1
146.5 0.1 1
150.48 0.1 1
152.43 0.1 1
154.25 0.1 1
162.35 0.1 1
166.16 0.1 1
168.09 0.1 1
170.15 0.1 1
172.06 0.1 1
176.03 0.1 1
181.96 0.1 1
183.96 0.1 1
189.85 0.1 1
193.84 0.1 1
197.76 0.1 1
201.71 0.1 1
207.68 0.1 1
213.75 0.1 1
217.71 0.1 1
223.5 0.1 1
227.45 0.1 1
237.36 0.1 1
243.37 0.1 1
245.4 0.1 1
249.27 0.1 1
257.12 0.1 1
259.13 0.1 1
261.07 0.1 1
263.17 0.1 1
265.07 0.1 1
269.08 0.1 1
273.05 0.1 1
274.97 0.1 1
278.8 0.1 1
284.94 0.1 1
288.75 0.1 1
294.84 0.1 1
296.7 0.1 1
298.61 0.1 1
300.58 0.1 1
302.61 0.1 1
304.58 0.1 1
306.58 0.1 1
308.55 0.1 1
324.43 0.1 1
326.29 0.1 1
330.4 0.1 1
332.21 0.1 1
336.13 0.1 1
340.18 0.1 1
348.16 0.1 1
353.98 0.1 1
358 0.1 1
359.99 0.1 1
361.87 0.1 1
363.82 0.1 1
369.81 0.1 1
373.78 0.1 1
375.87 0.1 1
383.69 0.1 1
391.52 0.1 1
393.67 0.1 1
399.44 0.1 1
401.53 0.1 1
409.52 0.1 1
411.39 0.1 1
413.29 0.1 1
423.33 0.1 1
425.13 0.1 1
437.03 0.1 1
439.03 0.1 1
441.02 0.1 1
445.04 0.1 1
446.94 0.1 1
456.95 0.1 1
460.89 0.1 1
464.84 0.1 1
466.84 0.1 1
472.75 0.1 1
478.67 0.1 1
480.62 0.1 1
482.69 0.1 1
484.64 0.1 1
490.58 0.1 1
492.53 0.1 1
494.35 0.1 1
498.31 0.1 1
502.24 0.1 1
