4.29 0.1 1
6.17 0.1 1
10.06 0.1 1
12.04 0.1 1
18.14 0.1 1
19.98 0.1 1
22.03 0.1 1
23.96 0.1 1
26.08 0.1 1
33.92 0.1 1
36.02 0.1 1
37.89 0.1 1
41.85 0.1 1
45.79 0.1 1
47.81 0.1 1
49.84 0.1 1
51.89 0.1 1
57.84 0.1 1
67.58 0.1 1
69.58 0.1 1
71.72 0.1 1
73.58 0.1 1
77.5 0.1 1
79.55 0.1 1
81.54 0.1 1
85.52 0.1 1
87.5 0.1 1
89.5 0.1 1
91.54 0.1 1
95.39 0.1 1
107.31 0.1 1
121.33 0.1 1
125.19 0.1 1
127.24 0.1 1
131.25 0.1 1
133.21 0.1 1
135.02 0.1 1
137.02 0.1 1
139.12 0.1 1
144.94 0.1 1
147.03 0.1 1
150.9 0.1 1
153.05 0.1 1
155.05 0.1 1
162.88 0.1 1
166.8 0.1 1
168.82 0.1 1
170.89 0.1 1
172.74 0.1 1
176.81 0.1 1
182.82 0.1 1
184.68 0.1 1
190.66 0.1 1
194.7 0.1 1
198.55 0.1 1
202.68 0.1 1
208.6 0.1 1
214.52 0.1 1
218.37 0.1 1
224.49 0.1 1
228.29 0.1 1
238.28 0.1 1
244.3 0.1 1
246.16 0.1 1
250.28 0.1 1
258.07 0.1 1
260.07 0.1 1
262.04 0.1 1
264.12 0.1 1
266.11 0.1 1
270.02 0.1 1
274.09 0.1 1
275.91 0.1 1
279.89 0.1 1
286 0.1 1
289.92 0.1 1
295.77 0.1 1
297.92 0.1 1
299.8 0.1 1
301.82 0.1 1
303.67 0.1 1
305.7 0.1 1
307.79 0.1 1
309.81 0.1 1
325.53 0.1 1
327.55 0.1 1
331.5 0.1 1
333.45 0.1 1
337.48 0.1 1
341.49 0.1 1
349.37 0.1 1
355.29 0.1 1
359.34 0.1 1
361.31 0.1 1
363.28 0.1 1
365.29 0.1 1
371.13 0.1 1
375.28 0.1 1
377.21 0.1 1
385.05 0.1 1
393.02 0.1 1
395.12 0.1 1
400.89 0.1 1
403.02 0.1 1
410.81 0.1 1
412.96 0.1 1
414.91 0.1 1
424.7 0.1 1
426.83 0.1 1
438.62 0.1 1
440.57 0.1 1
442.67 0.1 1
446.54 0.1 1
448.49 0.1 1
458.48 0.1 1
462.56 0.1 1
466.35 0.1 1
468.38 0.1 1
474.34 0.1 1
480.29 0.1 1
482.34 0.1 1
484.37 0.1 1
486.21 0.1 1
492.16 0.1 1
494.28 0.1 1
496.26 0.1 1
500.08 0.1 1
504.18 0.1 1
