4.08 0.1 1
6.2 0.1 1
10.2 0.1 1
12.22 0.1 1
17.97 0.1 1
20.04 0.1 1
21.99 0.1 1
24.07 0.1 1
26.07 0.1 1
34.01 0.1 1
35.99 0.1 1
37.84 0.1 1
41.93 0.1 1
45.9 0.1 1
47.78 0.1 1
49.71 0.1 1
51.81 0.1 1
57.83 0.1 1
67.75 0.1 1
69.75 0.1 1
71.6 0.1 1
73.69 0.1 1
77.52 0.1 1
79.54 0.1 1
81.46 0.1 1
85.48 0.1 1
87.51 0.1 1
89.56 0.1 1
91.53 0.1 1
95.33 0.1 1
107.28 0.1 1
121.12 0.1 1
125.16 0.1 1
127.19 0.1 1
131.04 0.1 1
133.16 0.1 1
135.04 0.1 1
137.13 0.1 1
138.94 0.1 1
144.95 0.1 1
147 0.1 1
150.92 0.1 1
153.03 0.1 1
154.97 0.1 1
162.85 0.1 1
166.82 0.1 1
168.91 0.1 1
170.79 0.1 1
172.72 0.1 1
176.83 0.1 1
182.65 0.1 1
184.76 0.1 1
190.7 0.1 1
194.7 0.1 1
198.53 0.1 1
202.53 0.1 1
208.47 0.1 1
214.47 0.1 1
218.46 0.1 1
224.46 0.1 1
228.28 0.1 1
238.35 0.1 1
244.22 0.1 1
246.24 0.1 1
250.24 0.1 1
257.99 0.1 1
260.11 0.1 1
262.11 0.1 1
264.02 0.1 1
265.93 0.1 1
270.03 0.1 1
274.03 0.1 1
275.86 0.1 1
279.86 0.1 1
285.92 0.1 1
289.93 0.1 1
295.7 0.1 1
297.67 0.1 1
299.7 0.1 1
301.69 0.1 1
303.77 0.1 1
305.69 0.1 1
307.66 0.1 1
309.59 0.1 1
325.65 0.1 1
327.45 0.1 1
331.43 0.1 1
333.52 0.1 1
337.42 0.1 1
341.49 0.1 1
349.32 0.1 1
355.31 0.1 1
359.34 0.1 1
361.33 0.1 1
363.26 0.1 1
365.23 0.1 1
371.18 0.1 1
375.2 0.1 1
377.03 0.1 1
385.07 0.1 1
392.94 0.1 1
395.01 0.1 1
400.82 0.1 1
402.86 0.1 1
410.86 0.1 1
412.83 0.1 1
414.76 0.1 1
424.75 0.1 1
426.69 0.1 1
438.59 0.1 1
440.61 0.1 1
442.57 0.1 1
446.48 0.1 1
448.63 0.1 1
458.53 0.1 1
462.36 0.1 1
466.42 0.1 1
468.3 0.1 1
474.37 0.1 1
480.34 0.1 1
482.31 0.1 1
484.24 0.1 1
486.26 0.1 1
492.16 0.1 1
494.11 0.1 1
496.18 0.1 1
500.14 0.1 1
504.15 0.1 1
