4.09 0.1 1
6.21 0.1 1
10.2 0.1 1
12.06 0.1 1
18.17 0.1 1
20.13 0.1 1
21.97 0.1 1
24.04 0.1 1
25.92 0.1 1
33.89 0.1 1
35.91 0.1 1
37.81 0.1 1
41.91 0.1 1
45.81 0.1 1
47.79 0.1 1
49.89 0.1 1
51.7 0.1 1
57.81 0.1 1
67.77 0.1 1
69.64 0.1 1
71.57 0.1 1
73.64 0.1 1
77.57 0.1 1
79.47 0.1 1
81.46 0.1 1
85.59 0.1 1
87.51 0.1 1
89.54 0.1 1
91.36 0.1 1
95.33 0.1 1
107.31 0.1 1
121.1 0.1 1
125.07 0.1 1
127.14 0.1 1
131.21 0.1 1
133.02 0.1 1
135.04 0.1 1
136.98 0.1 1
138.98 0.1 1
144.9 0.1 1
147.05 0.1 1
150.86 0.1 1
152.85 0.1 1
154.81 0.1 1
162.78 0.1 1
166.74 0.1 1
168.77 0.1 1
170.67 0.1 1
172.82 0.1 1
176.81 0.1 1
182.61 0.1 1
184.63 0.1 1
190.65 0.1 1
194.56 0.1 1
198.45 0.1 1
202.47 0.1 1
208.38 0.1 1
214.47 0.1 1
218.29 0.1 1
224.22 0.1 1
228.31 0.1 1
238.18 0.1 1
244.11 0.1 1
246.16 0.1 1
250.12 0.1 1
258.05 0.1 1
260.04 0.1 1
261.97 0.1 1
263.97 0.1 1
266.02 0.1 1
269.87 0.1 1
273.96 0.1 1
275.81 0.1 1
279.96 0.1 1
285.86 0.1 1
289.68 0.1 1
295.63 0.1 1
297.82 0.1 1
299.68 0.1 1
301.72 0.1 1
303.6 0.1 1
305.62 0.1 1
307.54 0.1 1
309.7 0.1 1
325.39 0.1 1
327.41 0.1 1
331.36 0.1 1
333.45 0.1 1
337.48 0.1 1
341.32 0.1 1
349.2 0.1 1
355.22 0.1 1
359.29 0.1 1
361.27 0.1 1
363.16 0.1 1
365.19 0.1 1
371.08 0.1 1
375.18 0.1 1
377.08 0.1 1
385 0.1 1
393 0.1 1
394.82 0.1 1
400.89 0.1 1
402.92 0.1 1
410.86 0.1 1
412.77 0.1 1
414.69 0.1 1
424.68 0.1 1
426.6 0.1 1
438.62 0.1 1
440.5 0.1 1
442.42 0.1 1
446.49 0.1 1
448.5 0.1 1
458.39 0.1 1
462.28 0.1 1
466.39 0.1 1
468.31 0.1 1
474.18 0.1 1
480.26 0.1 1
482.27 0.1 1
484.07 0.1 1
486.22 0.1 1
492.17 0.1 1
494.17 0.1 1
496.14 0.1 1
500.02 0.1 1
504.01 0.1 1
