4.12 0.1 1
6.17 0.1 1
10.21 0.1 1
12.19 0.1 1
17.98 0.1 1
20.08 0.1 1
21.96 0.1 1
24.08 0.1 1
26.11 0.1 1
34.01 0.1 1
35.88 0.1 1
37.88 0.1 1
41.83 0.1 1
45.95 0.1 1
47.89 0.1 1
49.9 0.1 1
51.84 0.1 1
57.69 0.1 1
67.74 0.1 1
69.56 0.1 1
71.63 0.1 1
73.55 0.1 1
77.63 0.1 1
79.61 0.1 1
81.48 0.1 1
85.63 0.1 1
87.47 0.1 1
89.4 0.1 1
91.4 0.1 1
95.39 0.1 1
107.34 0.1 1
121.31 0.1 1
125.26 0.1 1
127.18 0.1 1
131.27 0.1 1
133.12 0.1 1
135.08 0.1 1
137.2 0.1 1
139.15 0.1 1
145.09 0.1 1
147.09 0.1 1
151.07 0.1 1
153.02 0.1 1
154.99 0.1 1
162.88 0.1 1
166.95 0.1 1
168.86 0.1 1
170.88 0.1 1
172.83 0.1 1
176.88 0.1 1
182.84 0.1 1
184.7 0.1 1
190.79 0.1 1
194.57 0.1 1
198.57 0.1 1
202.51 0.1 1
208.64 0.1 1
214.51 0.1 1
218.45 0.1 1
224.48 0.1 1
228.3 0.1 1
238.35 0.1 1
244.31 0.1 1
246.19 0.1 1
250.14 0.1 1
258.23 0.1 1
260.11 0.1 1
262.1 0.1 1
264.01 0.1 1
266.13 0.1 1
270 0.1 1
274.03 0.1 1
275.92 0.1 1
279.99 0.1 1
285.99 0.1 1
289.97 0.1 1
295.79 0.1 1
297.79 0.1 1
299.88 0.1 1
301.88 0.1 1
303.88 0.1 1
305.83 0.1 1
307.75 0.1 1
309.65 0.1 1
325.67 0.1 1
327.55 0.1 1
331.59 0.1 1
333.61 0.1 1
337.51 0.1 1
341.52 0.1 1
349.5 0.1 1
355.3 0.1 1
359.38 0.1 1
361.28 0.1 1
363.33 0.1 1
365.25 0.1 1
371.15 0.1 1
375.12 0.1 1
377.14 0.1 1
385.16 0.1 1
393.14 0.1 1
394.99 0.1 1
400.95 0.1 1
403.01 0.1 1
410.92 0.1 1
412.85 0.1 1
414.8 0.1 1
424.79 0.1 1
426.89 0.1 1
438.74 0.1 1
440.59 0.1 1
442.6 0.1 1
446.6 0.1 1
448.55 0.1 1
458.47 0.1 1
462.6 0.1 1
466.44 0.1 1
468.42 0.1 1
474.49 0.1 1
480.43 0.1 1
482.41 0.1 1
484.36 0.1 1
486.41 0.1 1
492.3 0.1 1
494.28 0.1 1
496.3 0.1 1
500.25 0.1 1
504.17 0.1 1
