4.12 0.1 1
6.09 0.1 1
10.11 0.1 1
12.23 0.1 1
18.18 0.1 1
20.05 0.1 1
22.08 0.1 1
24.08 0.1 1
25.93 0.1 1
34.02 0.1 1
36.02 0.1 1
37.85 0.1 1
41.87 0.1 1
45.95 0.1 1
47.79 0.1 1
49.81 0.1 1
51.87 0.1 1
57.74 0.1 1
67.61 0.1 1
69.73 0.1 1
71.66 0.1 1
73.63 0.1 1
77.67 0.1 1
79.52 0.1 1
81.53 0.1 1
85.5 0.1 1
87.55 0.1 1
89.49 0.1 1
91.54 0.1 1
95.36 0.1 1
107.39 0.1 1
121.3 0.1 1
125.23 0.1 1
127.12 0.1 1
131.15 0.1 1
133.14 0.1 1
135.2 0.1 1
137.04 0.1 1
139.14 0.1 1
144.99 0.1 1
146.97 0.1 1
151.08 0.1 1
153.03 0.1 1
154.86 0.1 1
162.86 0.1 1
166.85 0.1 1
168.83 0.1 1
170.78 0.1 1
172.8 0.1 1
176.72 0.1 1
182.81 0.1 1
184.72 0.1 1
190.67 0.1 1
194.66 0.1 1
198.56 0.1 1
202.46 0.1 1
208.55 0.1 1
214.37 0.1 1
218.35 0.1 1
224.32 0.1 1
228.35 0.1 1
238.32 0.1 1
244.19 0.1 1
246.14 0.1 1
250.08 0.1 1
258.2 0.1 1
260.12 0.1 1
262.08 0.1 1
264.12 0.1 1
266.02 0.1 1
270.05 0.1 1
274.02 0.1 1
275.9 0.1 1
279.92 0.1 1
285.91 0.1 1
289.83 0.1 1
295.83 0.1 1
297.75 0.1 1
299.71 0.1 1
301.81 0.1 1
303.71 0.1 1
305.8 0.1 1
307.75 0.1 1
309.78 0.1 1
325.62 0.1 1
327.54 0.1 1
331.54 0.1 1
333.59 0.1 1
337.46 0.1 1
341.43 0.1 1
349.35 0.1 1
355.4 0.1 1
359.37 0.1 1
361.27 0.1 1
363.25 0.1 1
365.19 0.1 1
371.11 0.1 1
375.06 0.1 1
377.06 0.1 1
385.05 0.1 1
392.93 0.1 1
394.92 0.1 1
400.92 0.1 1
402.9 0.1 1
410.89 0.1 1
412.82 0.1 1
414.82 0.1 1
424.83 0.1 1
426.76 0.1 1
438.73 0.1 1
440.65 0.1 1
442.67 0.1 1
446.5 0.1 1
448.55 0.1 1
458.49 0.1 1
462.36 0.1 1
466.51 0.1 1
468.49 0.1 1
474.36 0.1 1
480.4 0.1 1
482.23 0.1 1
484.21 0.1 1
486.28 0.1 1
492.25 0.1 1
494.27 0.1 1
496.12 0.1 1
500.15 0.1 1
504.06 0.1 1
