4.28 0.1 1
6.06 0.1 1
10.16 0.1 1
12.03 0.1 1
18.08 0.1 1
20.15 0.1 1
22.04 0.1 1
24.09 0.1 1
25.9 0.1 1
33.89 0.1 1
35.97 0.1 1
37.82 0.1 1
41.94 0.1 1
45.84 0.1 1
47.86 0.1 1
49.83 0.1 1
51.81 0.1 1
57.75 0.1 1
67.65 0.1 1
69.74 0.1 1
71.64 0.1 1
73.57 0.1 1
77.49 0.1 1
79.59 0.1 1
81.64 0.1 1
85.47 0.1 1
87.42 0.1 1
89.59 0.1 1
91.39 0.1 1
95.53 0.1 1
107.28 0.1 1
121.3 0.1 1
125.29 0.1 1
127.11 0.1 1
131.14 0.1 1
133.24 0.1 1
135.09 0.1 1
137.01 0.1 1
139.03 0.1 1
144.95 0.1 1
147.01 0.1 1
151.08 0.1 1
152.88 0.1 1
155.03 0.1 1
162.97 0.1 1
166.77 0.1 1
168.89 0.1 1
170.75 0.1 1
172.91 0.1 1
176.69 0.1 1
182.76 0.1 1
184.78 0.1 1
190.6 0.1 1
194.7 0.1 1
198.5 0.1 1
202.47 0.1 1
208.57 0.1 1
214.49 0.1 1
218.46 0.1 1
224.26 0.1 1
228.31 0.1 1
238.33 0.1 1
244.2 0.1 1
246.1 0.1 1
250.17 0.1 1
258.14 0.1 1
260.14 0.1 1
262.06 0.1 1
264.14 0.1 1
266.12 0.1 1
270.07 0.1 1
273.99 0.1 1
275.93 0.1 1
280.01 0.1 1
285.88 0.1 1
289.78 0.1 1
295.75 0.1 1
297.87 0.1 1
299.72 0.1 1
301.67 0.1 1
303.79 0.1 1
305.74 0.1 1
307.75 0.1 1
309.59 0.1 1
325.58 0.1 1
327.53 0.1 1
331.4 0.1 1
333.48 0.1 1
337.4 0.1 1
341.47 0.1 1
349.32 0.1 1
355.29 0.1 1
359.17 0.1 1
361.36 0.1 1
363.31 0.1 1
365.16 0.1 1
371.09 0.1 1
375.08 0.1 1
377.18 0.1 1
385.08 0.1 1
393.02 0.1 1
394.95 0.1 1
400.92 0.1 1
403.02 0.1 1
410.84 0.1 1
412.94 0.1 1
414.76 0.1 1
424.78 0.1 1
426.76 0.1 1
438.74 0.1 1
440.67 0.1 1
442.57 0.1 1
446.47 0.1 1
448.59 0.1 1
458.53 0.1 1
462.46 0.1 1
466.39 0.1 1
468.33 0.1 1
474.31 0.1 1
480.18 0.1 1
482.17 0.1 1
484.24 0.1 1
486.34 0.1 1
492.09 0.1 1
494.22 0.1 1
496.16 0.1 1
500.14 0.1 1
504.06 0.1 1
