4.16 0.1 1
6.07 0.1 1
10.17 0.1 1
12.21 0.1 1
18.09 0.1 1
19.96 0.1 1
22.04 0.1 1
24 0.1 1
25.91 0.1 1
33.85 0.1 1
35.93 0.1 1
37.87 0.1 1
41.92 0.1 1
45.79 0.1 1
47.72 0.1 1
49.72 0.1 1
51.67 0.1 1
57.79 0.1 1
67.63 0.1 1
69.68 0.1 1
71.7 0.1 1
73.6 0.1 1
77.46 0.1 1
79.48 0.1 1
81.53 0.1 1
85.45 0.1 1
87.47 0.1 1
89.5 0.1 1
91.47 0.1 1
95.44 0.1 1
107.38 0.1 1
121.16 0.1 1
125.18 0.1 1
127.25 0.1 1
131.2 0.1 1
133.1 0.1 1
135.15 0.1 1
137.09 0.1 1
139.17 0.1 1
145.06 0.1 1
146.96 0.1 1
151.04 0.1 1
152.93 0.1 1
154.94 0.1 1
162.83 0.1 1
166.73 0.1 1
168.9 0.1 1
170.85 0.1 1
172.81 0.1 1
176.68 0.1 1
182.74 0.1 1
184.7 0.1 1
190.66 0.1 1
194.59 0.1 1
198.57 0.1 1
202.58 0.1 1
208.43 0.1 1
214.4 0.1 1
218.28 0.1 1
224.27 0.1 1
228.27 0.1 1
238.22 0.1 1
244.21 0.1 1
246.07 0.1 1
250.01 0.1 1
257.96 0.1 1
259.96 0.1 1
261.93 0.1 1
263.92 0.1 1
265.98 0.1 1
269.97 0.1 1
273.83 0.1 1
275.85 0.1 1
279.97 0.1 1
285.72 0.1 1
289.82 0.1 1
295.68 0.1 1
297.71 0.1 1
299.66 0.1 1
301.76 0.1 1
303.58 0.1 1
305.7 0.1 1
307.63 0.1 1
309.63 0.1 1
325.6 0.1 1
327.57 0.1 1
331.52 0.1 1
333.52 0.1 1
337.32 0.1 1
341.46 0.1 1
349.41 0.1 1
355.23 0.1 1
359.21 0.1 1
361.13 0.1 1
363.12 0.1 1
365.08 0.1 1
371.15 0.1 1
375.19 0.1 1
377 0.1 1
385.06 0.1 1
392.91 0.1 1
394.94 0.1 1
400.93 0.1 1
402.88 0.1 1
410.88 0.1 1
412.85 0.1 1
414.69 0.1 1
424.71 0.1 1
426.72 0.1 1
438.53 0.1 1
440.58 0.1 1
442.6 0.1 1
446.55 0.1 1
448.58 0.1 1
458.5 0.1 1
462.37 0.1 1
466.29 0.1 1
468.29 0.1 1
474.26 0.1 1
480.23 0.1 1
482.16 0.1 1
484.11 0.1 1
486.19 0.1 1
492.06 0.1 1
494.13 0.1 1
496.06 0.1 1
499.98 0.1 1
504.07 0.1 1
