4.27 0.1 1
6.17 0.1 1
10.24 0.1 1
12.09 0.1 1
18.11 0.1 1
20.16 0.1 1
22 0.1 1
24.13 0.1 1
26.03 0.1 1
33.85 0.1 1
35.85 0.1 1
38.02 0.1 1
41.9 0.1 1
45.8 0.1 1
47.74 0.1 1
49.74 0.1 1
51.84 0.1 1
57.76 0.1 1
67.76 0.1 1
69.73 0.1 1
71.68 0.1 1
73.68 0.1 1
77.5 0.1 1
79.61 0.1 1
81.48 0.1 1
85.45 0.1 1
87.58 0.1 1
89.4 0.1 1
91.45 0.1 1
95.41 0.1 1
107.31 0.1 1
121.25 0.1 1
125.25 0.1 1
127.15 0.1 1
131.2 0.1 1
133.15 0.1 1
135.02 0.1 1
137.14 0.1 1
139 0.1 1
145.06 0.1 1
147.04 0.1 1
151.06 0.1 1
152.86 0.1 1
155.01 0.1 1
162.85 0.1 1
166.91 0.1 1
168.85 0.1 1
170.9 0.1 1
172.8 0.1 1
176.8 0.1 1
182.77 0.1 1
184.65 0.1 1
190.64 0.1 1
194.64 0.1 1
198.66 0.1 1
202.56 0.1 1
208.56 0.1 1
214.38 0.1 1
218.4 0.1 1
224.4 0.1 1
228.29 0.1 1
238.26 0.1 1
244.26 0.1 1
246.09 0.1 1
250.14 0.1 1
258.05 0.1 1
260.18 0.1 1
262.01 0.1 1
264.07 0.1 1
265.95 0.1 1
270 0.1 1
274.05 0.1 1
275.95 0.1 1
279.86 0.1 1
285.94 0.1 1
289.76 0.1 1
295.83 0.1 1
297.71 0.1 1
299.64 0.1 1
301.81 0.1 1
303.8 0.1 1
305.76 0.1 1
307.63 0.1 1
309.72 0.1 1
325.54 0.1 1
327.42 0.1 1
331.59 0.1 1
333.49 0.1 1
337.41 0.1 1
341.34 0.1 1
349.38 0.1 1
355.3 0.1 1
359.18 0.1 1
361.15 0.1 1
363.22 0.1 1
365.29 0.1 1
371.12 0.1 1
375.06 0.1 1
377.11 0.1 1
384.94 0.1 1
393.05 0.1 1
395 0.1 1
400.8 0.1 1
402.83 0.1 1
410.75 0.1 1
412.74 0.1 1
414.77 0.1 1
424.59 0.1 1
426.57 0.1 1
438.68 0.1 1
440.6 0.1 1
442.63 0.1 1
446.57 0.1 1
448.58 0.1 1
458.35 0.1 1
462.29 0.1 1
466.34 0.1 1
468.27 0.1 1
474.21 0.1 1
480.16 0.1 1
482.31 0.1 1
484.16 0.1 1
486.25 0.1 1
492.08 0.1 1
494.08 0.1 1
496.07 0.1 1
500.13 0.1 1
504.1 0.1 1
