4.1 0.1 1
6.25 0.1 1
10.07 0.1 1
12.22 0.1 1
17.99 0.1 1
20.03 0.1 1
21.96 0.1 1
23.94 0.1 1
25.96 0.1 1
33.95 0.1 1
35.83 0.1 1
37.88 0.1 1
41.9 0.1 1
45.84 0.1 1
47.84 0.1 1
49.75 0.1 1
51.85 0.1 1
57.67 0.1 1
67.64 0.1 1
69.73 0.1 1
71.64 0.1 1
73.53 0.1 1
77.48 0.1 1
79.51 0.1 1
81.6 0.1 1
85.52 0.1 1
87.43 0.1 1
89.43 0.1 1
91.43 0.1 1
95.47 0.1 1
107.42 0.1 1
121.26 0.1 1
125.13 0.1 1
127.25 0.1 1
131.08 0.1 1
133.13 0.1 1
135.08 0.1 1
137.13 0.1 1
138.99 0.1 1
145.02 0.1 1
147.04 0.1 1
150.97 0.1 1
152.87 0.1 1
155.02 0.1 1
162.91 0.1 1
166.76 0.1 1
168.73 0.1 1
170.73 0.1 1
172.76 0.1 1
176.85 0.1 1
182.77 0.1 1
184.7 0.1 1
190.64 0.1 1
194.5 0.1 1
198.54 0.1 1
202.52 0.1 1
208.38 0.1 1
214.53 0.1 1
218.43 0.1 1
224.45 0.1 1
228.35 0.1 1
238.25 0.1 1
244.19 0.1 1
246.22 0.1 1
250.16 0.1 1
258.08 0.1 1
260.14 0.1 1
262.14 0.1 1
264 0.1 1
265.96 0.1 1
269.9 0.1 1
274.05 0.1 1
275.95 0.1 1
279.99 0.1 1
285.9 0.1 1
289.9 0.1 1
295.67 0.1 1
297.84 0.1 1
299.81 0.1 1
301.69 0.1 1
303.74 0.1 1
305.76 0.1 1
307.66 0.1 1
309.56 0.1 1
325.48 0.1 1
327.49 0.1 1
331.49 0.1 1
333.39 0.1 1
337.39 0.1 1
341.37 0.1 1
349.26 0.1 1
355.18 0.1 1
359.23 0.1 1
361.3 0.1 1
363.25 0.1 1
365.26 0.1 1
371.17 0.1 1
375.04 0.1 1
377.17 0.1 1
384.96 0.1 1
393.06 0.1 1
394.93 0.1 1
400.84 0.1 1
402.83 0.1 1
410.81 0.1 1
412.73 0.1 1
414.82 0.1 1
424.7 0.1 1
426.74 0.1 1
438.66 0.1 1
440.52 0.1 1
442.63 0.1 1
446.49 0.1 1
448.41 0.1 1
458.33 0.1 1
462.42 0.1 1
466.33 0.1 1
468.44 0.1 1
474.39 0.1 1
480.31 0.1 1
482.22 0.1 1
484.31 0.1 1
486.18 0.1 1
492.21 0.1 1
494.18 0.1 1
496.05 0.1 1
500.18 0.1 1
504.03 0.1 1
