4.21 0.1 1
6.21 0.1 1
10.13 0.1 1
12.03 0.1 1
18.05 0.1 1
20.02 0.1 1
21.97 0.1 1
24.07 0.1 1
26.07 0.1 1
33.85 0.1 1
35.96 0.1 1
37.96 0.1 1
41.79 0.1 1
45.94 0.1 1
47.86 0.1 1
49.91 0.1 1
51.86 0.1 1
57.85 0.1 1
67.7 0.1 1
69.75 0.1 1
71.57 0.1 1
73.6 0.1 1
77.54 0.1 1
79.56 0.1 1
81.56 0.1 1
85.46 0.1 1
87.46 0.1 1
89.47 0.1 1
91.53 0.1 1
95.51 0.1 1
107.36 0.1 1
121.27 0.1 1
125.17 0.1 1
127.19 0.1 1
131.12 0.1 1
133.16 0.1 1
135.16 0.1 1
137.13 0.1 1
139.11 0.1 1
145.04 0.1 1
147.05 0.1 1
151.06 0.1 1
152.88 0.1 1
154.97 0.1 1
162.88 0.1 1
166.82 0.1 1
168.72 0.1 1
170.85 0.1 1
172.87 0.1 1
176.77 0.1 1
182.69 0.1 1
184.68 0.1 1
190.73 0.1 1
194.61 0.1 1
198.65 0.1 1
202.52 0.1 1
208.42 0.1 1
214.4 0.1 1
218.44 0.1 1
224.44 0.1 1
228.28 0.1 1
238.33 0.1 1
244.25 0.1 1
246.26 0.1 1
250.07 0.1 1
258.12 0.1 1
260.14 0.1 1
262.15 0.1 1
264.12 0.1 1
266.02 0.1 1
269.89 0.1 1
273.86 0.1 1
275.89 0.1 1
279.91 0.1 1
285.9 0.1 1
289.76 0.1 1
295.73 0.1 1
297.67 0.1 1
299.75 0.1 1
301.65 0.1 1
303.65 0.1 1
305.6 0.1 1
307.65 0.1 1
309.59 0.1 1
325.46 0.1 1
327.58 0.1 1
331.41 0.1 1
333.4 0.1 1
337.38 0.1 1
341.5 0.1 1
349.39 0.1 1
355.29 0.1 1
359.21 0.1 1
361.17 0.1 1
363.16 0.1 1
365.14 0.1 1
371.24 0.1 1
375.11 0.1 1
377.03 0.1 1
385.06 0.1 1
393.1 0.1 1
394.99 0.1 1
400.95 0.1 1
402.97 0.1 1
410.82 0.1 1
412.86 0.1 1
414.79 0.1 1
424.68 0.1 1
426.81 0.1 1
438.57 0.1 1
440.6 0.1 1
442.7 0.1 1
446.65 0.1 1
448.64 0.1 1
458.57 0.1 1
462.53 0.1 1
466.33 0.1 1
468.5 0.1 1
474.38 0.1 1
480.27 0.1 1
482.18 0.1 1
484.2 0.1 1
486.29 0.1 1
492.25 0.1 1
494.19 0.1 1
496.12 0.1 1
500.09 0.1 1
504.09 0.1 1
