4.11 0.1 1
6.24 0.1 1
10.11 0.1 1
12.05 0.1 1
18.02 0.1 1
20.08 0.1 1
22.05 0.1 1
23.93 0.1 1
26.12 0.1 1
34.05 0.1 1
35.85 0.1 1
37.89 0.1 1
41.99 0.1 1
45.79 0.1 1
47.81 0.1 1
49.81 0.1 1
51.89 0.1 1
57.66 0.1 1
67.72 0.1 1
69.63 0.1 1
71.72 0.1 1
73.55 0.1 1
77.65 0.1 1
79.54 0.1 1
81.52 0.1 1
85.46 0.1 1
87.49 0.1 1
89.61 0.1 1
91.56 0.1 1
95.41 0.1 1
107.26 0.1 1
121.25 0.1 1
125.17 0.1 1
127.1 0.1 1
131.09 0.1 1
133.06 0.1 1
135.17 0.1 1
137.09 0.1 1
139.04 0.1 1
144.94 0.1 1
147.06 0.1 1
150.9 0.1 1
152.96 0.1 1
154.93 0.1 1
162.82 0.1 1
166.8 0.1 1
168.89 0.1 1
170.92 0.1 1
172.7 0.1 1
176.82 0.1 1
182.82 0.1 1
184.68 0.1 1
190.63 0.1 1
194.61 0.1 1
198.66 0.1 1
202.47 0.1 1
208.48 0.1 1
214.54 0.1 1
218.45 0.1 1
224.46 0.1 1
228.27 0.1 1
238.36 0.1 1
244.18 0.1 1
246.21 0.1 1
250.13 0.1 1
258.12 0.1 1
260.02 0.1 1
262.17 0.1 1
264.17 0.1 1
266.15 0.1 1
270.02 0.1 1
273.96 0.1 1
275.87 0.1 1
279.89 0.1 1
285.93 0.1 1
289.91 0.1 1
295.75 0.1 1
297.68 0.1 1
299.85 0.1 1
301.67 0.1 1
303.82 0.1 1
305.79 0.1 1
307.79 0.1 1
309.57 0.1 1
325.59 0.1 1
327.43 0.1 1
331.58 0.1 1
333.38 0.1 1
337.41 0.1 1
341.5 0.1 1
349.3 0.1 1
355.2 0.1 1
359.35 0.1 1
361.24 0.1 1
363.19 0.1 1
365.29 0.1 1
371.11 0.1 1
375.08 0.1 1
377.21 0.1 1
385.11 0.1 1
392.98 0.1 1
395 0.1 1
400.97 0.1 1
402.97 0.1 1
410.81 0.1 1
412.86 0.1 1
414.74 0.1 1
424.78 0.1 1
426.73 0.1 1
438.57 0.1 1
440.53 0.1 1
442.63 0.1 1
446.62 0.1 1
448.65 0.1 1
458.47 0.1 1
462.34 0.1 1
466.44 0.1 1
468.49 0.1 1
474.35 0.1 1
480.37 0.1 1
482.23 0.1 1
484.3 0.1 1
486.3 0.1 1
492.29 0.1 1
494.25 0.1 1
496.17 0.1 1
500.15 0.1 1
504.06 0.1 1
