4.21 0.1 1
6.16 0.1 1
10.17 0.1 1
12.03 0.1 1
18.04 0.1 1
20.14 0.1 1
21.95 0.1 1
24.1 0.1 1
26.1 0.1 1
33.93 0.1 1
36.03 0.1 1
37.82 0.1 1
41.9 0.1 1
45.89 0.1 1
47.79 0.1 1
49.86 0.1 1
51.86 0.1 1
57.73 0.1 1
67.73 0.1 1
69.63 0.1 1
71.7 0.1 1
73.71 0.1 1
77.57 0.1 1
79.57 0.1 1
81.52 0.1 1
85.57 0.1 1
87.49 0.1 1
89.42 0.1 1
91.4 0.1 1
95.36 0.1 1
107.36 0.1 1
121.3 0.1 1
125.23 0.1 1
127.23 0.1 1
131.13 0.1 1
133.1 0.1 1
135.02 0.1 1
137.15 0.1 1
139.09 0.1 1
144.96 0.1 1
146.96 0.1 1
151.04 0.1 1
152.88 0.1 1
154.86 0.1 1
162.88 0.1 1
166.78 0.1 1
168.88 0.1 1
170.9 0.1 1
172.75 0.1 1
176.82 0.1 1
182.7 0.1 1
184.6 0.1 1
190.64 0.1 1
194.68 0.1 1
198.64 0.1 1
202.59 0.1 1
208.56 0.1 1
214.52 0.1 1
218.4 0.1 1
224.37 0.1 1
228.29 0.1 1
238.16 0.1 1
244.26 0.1 1
246.23 0.1 1
250.15 0.1 1
258.13 0.1 1
260.12 0.1 1
261.95 0.1 1
264 0.1 1
265.88 0.1 1
269.92 0.1 1
273.84 0.1 1
275.97 0.1 1
279.89 0.1 1
285.84 0.1 1
289.81 0.1 1
295.83 0.1 1
297.75 0.1 1
299.65 0.1 1
301.6 0.1 1
303.6 0.1 1
305.73 0.1 1
307.62 0.1 1
309.58 0.1 1
325.57 0.1 1
327.42 0.1 1
331.49 0.1 1
333.31 0.1 1
337.48 0.1 1
341.31 0.1 1
349.3 0.1 1
355.15 0.1 1
359.24 0.1 1
361.15 0.1 1
363.09 0.1 1
365.22 0.1 1
371.16 0.1 1
375.02 0.1 1
377.04 0.1 1
385.01 0.1 1
392.85 0.1 1
394.82 0.1 1
400.79 0.1 1
402.87 0.1 1
410.79 0.1 1
412.87 0.1 1
414.79 0.1 1
424.73 0.1 1
426.58 0.1 1
438.58 0.1 1
440.48 0.1 1
442.52 0.1 1
446.5 0.1 1
448.47 0.1 1
458.42 0.1 1
462.31 0.1 1
466.24 0.1 1
468.26 0.1 1
474.31 0.1 1
480.23 0.1 1
482.26 0.1 1
484.17 0.1 1
486.2 0.1 1
492.2 0.1 1
494.07 0.1 1
496.12 0.1 1
500.04 0.1 1
504.01 0.1 1
