4.14 0.1 1
6.07 0.1 1
10.22 0.1 1
12.09 0.1 1
17.98 0.1 1
20.08 0.1 1
21.99 0.1 1
24.13 0.1 1
26.11 0.1 1
34 0.1 1
36 0.1 1
37.97 0.1 1
41.85 0.1 1
45.9 0.1 1
47.87 0.1 1
49.72 0.1 1
51.89 0.1 1
57.74 0.1 1
67.73 0.1 1
69.63 0.1 1
71.58 0.1 1
73.69 0.1 1
77.56 0.1 1
79.63 0.1 1
81.56 0.1 1
85.58 0.1 1
87.42 0.1 1
89.42 0.1 1
91.39 0.1 1
95.47 0.1 1
107.27 0.1 1
121.16 0.1 1
125.26 0.1 1
127.23 0.1 1
131.23 0.1 1
133.12 0.1 1
135.05 0.1 1
137 0.1 1
139.02 0.1 1
144.95 0.1 1
147.02 0.1 1
151.06 0.1 1
152.89 0.1 1
155.01 0.1 1
162.83 0.1 1
166.83 0.1 1
168.88 0.1 1
170.71 0.1 1
172.71 0.1 1
176.87 0.1 1
182.68 0.1 1
184.69 0.1 1
190.69 0.1 1
194.72 0.1 1
198.59 0.1 1
202.64 0.1 1
208.48 0.1 1
214.4 0.1 1
218.46 0.1 1
224.3 0.1 1
228.32 0.1 1
238.35 0.1 1
244.16 0.1 1
246.14 0.1 1
250.24 0.1 1
258.19 0.1 1
260.01 0.1 1
262.08 0.1 1
264.1 0.1 1
265.95 0.1 1
270.05 0.1 1
273.9 0.1 1
275.87 0.1 1
279.99 0.1 1
285.95 0.1 1
289.81 0.1 1
295.74 0.1 1
297.76 0.1 1
299.69 0.1 1
301.64 0.1 1
303.74 0.1 1
305.78 0.1 1
307.63 0.1 1
309.63 0.1 1
325.47 0.1 1
327.58 0.1 1
331.47 0.1 1
333.57 0.1 1
337.41 0.1 1
341.41 0.1 1
349.33 0.1 1
355.31 0.1 1
359.28 0.1 1
361.26 0.1 1
363.33 0.1 1
365.26 0.1 1
371.15 0.1 1
375.1 0.1 1
377.05 0.1 1
385.11 0.1 1
393.01 0.1 1
395.08 0.1 1
400.85 0.1 1
402.93 0.1 1
410.92 0.1 1
412.83 0.1 1
414.73 0.1 1
424.8 0.1 1
426.82 0.1 1
438.68 0.1 1
440.68 0.1 1
442.61 0.1 1
446.58 0.1 1
448.48 0.1 1
458.51 0.1 1
462.38 0.1 1
466.32 0.1 1
468.3 0.1 1
474.27 0.1 1
480.21 0.1 1
482.39 0.1 1
484.29 0.1 1
486.24 0.1 1
492.19 0.1 1
494.23 0.1 1
496.23 0.1 1
500.15 0.1 1
504.01 0.1 1
