4.1 0.1 1
6.21 0.1 1
10.12 0.1 1
12.18 0.1 1
18.07 0.1 1
19.99 0.1 1
22.05 0.1 1
23.92 0.1 1
26.04 0.1 1
34.01 0.1 1
35.86 0.1 1
37.88 0.1 1
41.86 0.1 1
45.93 0.1 1
47.85 0.1 1
49.86 0.1 1
51.78 0.1 1
57.78 0.1 1
67.67 0.1 1
69.59 0.1 1
71.69 0.1 1
73.56 0.1 1
77.52 0.1 1
79.49 0.1 1
81.61 0.1 1
85.48 0.1 1
87.53 0.1 1
89.44 0.1 1
91.53 0.1 1
95.51 0.1 1
107.32 0.1 1
121.29 0.1 1
125.26 0.1 1
127.17 0.1 1
131.19 0.1 1
133.23 0.1 1
135.14 0.1 1
137.13 0.1 1
139.01 0.1 1
145.05 0.1 1
147.12 0.1 1
150.93 0.1 1
153.02 0.1 1
154.9 0.1 1
163 0.1 1
166.91 0.1 1
168.84 0.1 1
170.81 0.1 1
172.72 0.1 1
176.71 0.1 1
182.81 0.1 1
184.63 0.1 1
190.68 0.1 1
194.72 0.1 1
198.7 0.1 1
202.59 0.1 1
208.55 0.1 1
214.51 0.1 1
218.42 0.1 1
224.44 0.1 1
228.39 0.1 1
238.31 0.1 1
244.27 0.1 1
246.25 0.1 1
250.17 0.1 1
258.12 0.1 1
260.17 0.1 1
262.16 0.1 1
264.14 0.1 1
265.98 0.1 1
270.03 0.1 1
273.98 0.1 1
275.96 0.1 1
279.96 0.1 1
285.8 0.1 1
289.88 0.1 1
295.7 0.1 1
297.75 0.1 1
299.8 0.1 1
301.65 0.1 1
303.7 0.1 1
305.72 0.1 1
307.62 0.1 1
309.62 0.1 1
325.45 0.1 1
327.55 0.1 1
331.51 0.1 1
333.43 0.1 1
337.4 0.1 1
341.37 0.1 1
349.4 0.1 1
355.21 0.1 1
359.27 0.1 1
361.29 0.1 1
363.31 0.1 1
365.28 0.1 1
371.15 0.1 1
375.15 0.1 1
377.12 0.1 1
384.98 0.1 1
392.94 0.1 1
394.99 0.1 1
400.99 0.1 1
403.01 0.1 1
410.81 0.1 1
412.76 0.1 1
414.73 0.1 1
424.75 0.1 1
426.78 0.1 1
438.6 0.1 1
440.5 0.1 1
442.52 0.1 1
446.56 0.1 1
448.57 0.1 1
458.38 0.1 1
462.43 0.1 1
466.38 0.1 1
468.36 0.1 1
474.4 0.1 1
480.35 0.1 1
482.2 0.1 1
484.3 0.1 1
486.25 0.1 1
492.12 0.1 1
494.21 0.1 1
496.26 0.1 1
500.07 0.1 1
504.14 0.1 1
