4.23 0.1 1
6.18 0.1 1
10.13 0.1 1
12.02 0.1 1
18.05 0.1 1
20.12 0.1 1
22.1 0.1 1
24 0.1 1
25.94 0.1 1
33.84 0.1 1
35.91 0.1 1
37.98 0.1 1
41.86 0.1 1
45.75 0.1 1
47.86 0.1 1
49.88 0.1 1
51.88 0.1 1
57.67 0.1 1
67.65 0.1 1
69.62 0.1 1
71.59 0.1 1
73.66 0.1 1
77.67 0.1 1
79.54 0.1 1
81.49 0.1 1
85.49 0.1 1
87.54 0.1 1
89.48 0.1 1
91.53 0.1 1
95.5 0.1 1
107.33 0.1 1
121.14 0.1 1
125.17 0.1 1
127.19 0.1 1
131.06 0.1 1
133.16 0.1 1
135.04 0.1 1
137.03 0.1 1
139.08 0.1 1
145.02 0.1 1
146.97 0.1 1
150.95 0.1 1
152.95 0.1 1
154.95 0.1 1
162.85 0.1 1
166.79 0.1 1
168.86 0.1 1
170.71 0.1 1
172.73 0.1 1
176.76 0.1 1
182.81 0.1 1
184.63 0.1 1
190.65 0.1 1
194.65 0.1 1
198.49 0.1 1
202.47 0.1 1
208.57 0.1 1
214.42 0.1 1
218.44 0.1 1
224.28 0.1 1
228.26 0.1 1
238.3 0.1 1
244.25 0.1 1
246.27 0.1 1
250.07 0.1 1
257.97 0.1 1
260.04 0.1 1
262.11 0.1 1
264.13 0.1 1
265.96 0.1 1
270.08 0.1 1
273.86 0.1 1
275.91 0.1 1
279.98 0.1 1
285.87 0.1 1
289.72 0.1 1
295.7 0.1 1
297.84 0.1 1
299.64 0.1 1
301.72 0.1 1
303.69 0.1 1
305.69 0.1 1
307.66 0.1 1
309.64 0.1 1
325.63 0.1 1
327.6 0.1 1
331.5 0.1 1
333.54 0.1 1
337.34 0.1 1
341.42 0.1 1
349.41 0.1 1
355.31 0.1 1
359.29 0.1 1
361.33 0.1 1
363.31 0.1 1
365.2 0.1 1
371.06 0.1 1
375.12 0.1 1
377.15 0.1 1
384.99 0.1 1
393.06 0.1 1
394.94 0.1 1
400.94 0.1 1
402.84 0.1 1
410.9 0.1 1
412.9 0.1 1
414.85 0.1 1
424.7 0.1 1
426.65 0.1 1
438.67 0.1 1
440.66 0.1 1
442.57 0.1 1
446.46 0.1 1
448.53 0.1 1
458.43 0.1 1
462.35 0.1 1
466.5 0.1 1
468.45 0.1 1
474.34 0.1 1
480.19 0.1 1
482.27 0.1 1
484.32 0.1 1
486.14 0.1 1
492.19 0.1 1
494.28 0.1 1
496.21 0.1 1
500.08 0.1 1
504.11 0.1 1
