4.2 0.1 1
6.14 0.1 1
10.18 0.1 1
12.08 0.1 1
18.12 0.1 1
19.97 0.1 1
22.13 0.1 1
24.12 0.1 1
26 0.1 1
33.89 0.1 1
35.87 0.1 1
37.86 0.1 1
41.86 0.1 1
45.94 0.1 1
47.88 0.1 1
49.88 0.1 1
51.84 0.1 1
57.76 0.1 1
67.75 0.1 1
69.67 0.1 1
71.55 0.1 1
73.64 0.1 1
77.64 0.1 1
79.66 0.1 1
81.47 0.1 1
85.46 0.1 1
87.56 0.1 1
89.59 0.1 1
91.53 0.1 1
95.36 0.1 1
107.31 0.1 1
121.29 0.1 1
125.24 0.1 1
127.29 0.1 1
131.19 0.1 1
133.07 0.1 1
135.18 0.1 1
137.16 0.1 1
139.16 0.1 1
145.09 0.1 1
146.93 0.1 1
150.91 0.1 1
152.93 0.1 1
154.92 0.1 1
162.85 0.1 1
166.79 0.1 1
168.79 0.1 1
170.94 0.1 1
172.87 0.1 1
176.84 0.1 1
182.71 0.1 1
184.71 0.1 1
190.61 0.1 1
194.6 0.1 1
198.7 0.1 1
202.57 0.1 1
208.55 0.1 1
214.39 0.1 1
218.37 0.1 1
224.31 0.1 1
228.32 0.1 1
238.31 0.1 1
244.25 0.1 1
246.31 0.1 1
250.18 0.1 1
258.24 0.1 1
260.19 0.1 1
262.15 0.1 1
264.19 0.1 1
266.04 0.1 1
270.07 0.1 1
273.98 0.1 1
275.91 0.1 1
279.89 0.1 1
285.95 0.1 1
289.96 0.1 1
295.8 0.1 1
297.82 0.1 1
299.75 0.1 1
301.77 0.1 1
303.79 0.1 1
305.75 0.1 1
307.69 0.1 1
309.74 0.1 1
325.66 0.1 1
327.53 0.1 1
331.45 0.1 1
333.6 0.1 1
337.5 0.1 1
341.55 0.1 1
349.35 0.1 1
355.44 0.1 1
359.31 0.1 1
361.22 0.1 1
363.29 0.1 1
365.32 0.1 1
371.28 0.1 1
375.1 0.1 1
377.16 0.1 1
385.13 0.1 1
393.07 0.1 1
395.04 0.1 1
401.09 0.1 1
403.04 0.1 1
411.01 0.1 1
412.82 0.1 1
414.98 0.1 1
424.73 0.1 1
426.86 0.1 1
438.65 0.1 1
440.72 0.1 1
442.64 0.1 1
446.57 0.1 1
448.64 0.1 1
458.52 0.1 1
462.53 0.1 1
466.53 0.1 1
468.38 0.1 1
474.45 0.1 1
480.35 0.1 1
482.23 0.1 1
484.33 0.1 1
486.29 0.1 1
492.2 0.1 1
494.27 0.1 1
496.2 0.1 1
500.21 0.1 1
504.26 0.1 1
