4.29 0.1 1
6.11 0.1 1
10.06 0.1 1
12.18 0.1 1
18.06 0.1 1
20.15 0.1 1
22.11 0.1 1
23.97 0.1 1
26 0.1 1
34.02 0.1 1
36 0.1 1
37.85 0.1 1
41.89 0.1 1
45.86 0.1 1
47.84 0.1 1
49.86 0.1 1
51.76 0.1 1
57.84 0.1 1
67.73 0.1 1
69.73 0.1 1
71.57 0.1 1
73.73 0.1 1
77.55 0.1 1
79.54 0.1 1
81.67 0.1 1
85.56 0.1 1
87.61 0.1 1
89.57 0.1 1
91.46 0.1 1
95.58 0.1 1
107.28 0.1 1
121.34 0.1 1
125.25 0.1 1
127.14 0.1 1
131.24 0.1 1
133.26 0.1 1
135.17 0.1 1
137.19 0.1 1
139.08 0.1 1
145.04 0.1 1
146.98 0.1 1
151.03 0.1 1
153.03 0.1 1
154.9 0.1 1
163 0.1 1
166.97 0.1 1
168.94 0.1 1
170.89 0.1 1
172.89 0.1 1
176.86 0.1 1
182.72 0.1 1
184.79 0.1 1
190.63 0.1 1
194.68 0.1 1
198.68 0.1 1
202.6 0.1 1
208.52 0.1 1
214.49 0.1 1
218.59 0.1 1
224.34 0.1 1
228.41 0.1 1
238.31 0.1 1
244.38 0.1 1
246.23 0.1 1
250.33 0.1 1
258.25 0.1 1
260.09 0.1 1
262.24 0.1 1
264.09 0.1 1
266.06 0.1 1
270.07 0.1 1
274.06 0.1 1
276.13 0.1 1
280.05 0.1 1
285.9 0.1 1
289.93 0.1 1
295.93 0.1 1
297.88 0.1 1
299.8 0.1 1
301.92 0.1 1
303.75 0.1 1
305.7 0.1 1
307.67 0.1 1
309.66 0.1 1
325.58 0.1 1
327.63 0.1 1
331.58 0.1 1
333.6 0.1 1
337.63 0.1 1
341.58 0.1 1
349.42 0.1 1
355.31 0.1 1
359.27 0.1 1
361.26 0.1 1
363.38 0.1 1
365.31 0.1 1
371.18 0.1 1
375.31 0.1 1
377.16 0.1 1
385.25 0.1 1
393.07 0.1 1
395.09 0.1 1
401.04 0.1 1
403.06 0.1 1
410.91 0.1 1
412.98 0.1 1
414.86 0.1 1
424.81 0.1 1
426.9 0.1 1
438.64 0.1 1
440.62 0.1 1
442.65 0.1 1
446.56 0.1 1
448.71 0.1 1
458.66 0.1 1
462.51 0.1 1
466.51 0.1 1
468.38 0.1 1
474.48 0.1 1
480.39 0.1 1
482.45 0.1 1
484.27 0.1 1
486.44 0.1 1
492.36 0.1 1
494.17 0.1 1
496.36 0.1 1
500.26 0.1 1
504.28 0.1 1
