4.25 0.1 1
6.24 0.1 1
10.15 0.1 1
12.15 0.1 1
18.09 0.1 1
19.99 0.1 1
22.09 0.1 1
24.09 0.1 1
26.07 0.1 1
33.91 0.1 1
35.84 0.1 1
37.86 0.1 1
41.76 0.1 1
45.9 0.1 1
47.82 0.1 1
49.88 0.1 1
51.85 0.1 1
57.7 0.1 1
67.76 0.1 1
69.56 0.1 1
71.72 0.1 1
73.62 0.1 1
77.58 0.1 1
79.56 0.1 1
81.48 0.1 1
85.56 0.1 1
87.46 0.1 1
89.5 0.1 1
91.45 0.1 1
95.52 0.1 1
107.29 0.1 1
121.28 0.1 1
125.09 0.1 1
127.11 0.1 1
131.18 0.1 1
133.21 0.1 1
135.1 0.1 1
137.01 0.1 1
139.18 0.1 1
145.12 0.1 1
146.97 0.1 1
151.04 0.1 1
153.05 0.1 1
154.99 0.1 1
162.92 0.1 1
166.76 0.1 1
168.93 0.1 1
170.78 0.1 1
172.83 0.1 1
176.76 0.1 1
182.73 0.1 1
184.63 0.1 1
190.65 0.1 1
194.64 0.1 1
198.5 0.1 1
202.54 0.1 1
208.44 0.1 1
214.54 0.1 1
218.49 0.1 1
224.45 0.1 1
228.4 0.1 1
238.28 0.1 1
244.12 0.1 1
246.25 0.1 1
250.1 0.1 1
258.12 0.1 1
259.99 0.1 1
262.06 0.1 1
264.11 0.1 1
266.01 0.1 1
270.11 0.1 1
273.91 0.1 1
275.93 0.1 1
279.92 0.1 1
285.8 0.1 1
289.9 0.1 1
295.77 0.1 1
297.84 0.1 1
299.86 0.1 1
301.72 0.1 1
303.77 0.1 1
305.77 0.1 1
307.68 0.1 1
309.74 0.1 1
325.62 0.1 1
327.53 0.1 1
331.5 0.1 1
333.5 0.1 1
337.5 0.1 1
341.47 0.1 1
349.41 0.1 1
355.24 0.1 1
359.19 0.1 1
361.28 0.1 1
363.15 0.1 1
365.2 0.1 1
371.1 0.1 1
375.08 0.1 1
377.2 0.1 1
385.02 0.1 1
393.04 0.1 1
395.07 0.1 1
401.03 0.1 1
402.98 0.1 1
410.75 0.1 1
412.93 0.1 1
414.83 0.1 1
424.65 0.1 1
426.62 0.1 1
438.69 0.1 1
440.52 0.1 1
442.66 0.1 1
446.46 0.1 1
448.56 0.1 1
458.48 0.1 1
462.35 0.1 1
466.35 0.1 1
468.32 0.1 1
474.29 0.1 1
480.24 0.1 1
482.29 0.1 1
484.36 0.1 1
486.19 0.1 1
492.14 0.1 1
494.09 0.1 1
496.14 0.1 1
500.13 0.1 1
504.16 0.1 1
