4.11 0.1 1
6.2 0.1 1
10.2 0.1 1
12.08 0.1 1
18.14 0.1 1
20 0.1 1
22.14 0.1 1
24.05 0.1 1
26.02 0.1 1
33.84 0.1 1
36.03 0.1 1
37.84 0.1 1
41.8 0.1 1
45.88 0.1 1
47.88 0.1 1
49.81 0.1 1
51.87 0.1 1
57.75 0.1 1
67.57 0.1 1
69.64 0.1 1
71.69 0.1 1
73.71 0.1 1
77.51 0.1 1
79.68 0.1 1
81.53 0.1 1
85.48 0.1 1
87.61 0.1 1
89.51 0.1 1
91.5 0.1 1
95.35 0.1 1
107.35 0.1 1
121.19 0.1 1
125.21 0.1 1
127.23 0.1 1
131.23 0.1 1
133.18 0.1 1
135.1 0.1 1
137.03 0.1 1
139.18 0.1 1
144.97 0.1 1
147.03 0.1 1
150.92 0.1 1
153 0.1 1
155 0.1 1
162.84 0.1 1
166.81 0.1 1
168.86 0.1 1
170.74 0.1 1
172.88 0.1 1
176.76 0.1 1
182.65 0.1 1
184.7 0.1 1
190.72 0.1 1
194.72 0.1 1
198.7 0.1 1
202.47 0.1 1
208.46 0.1 1
214.51 0.1 1
218.54 0.1 1
224.36 0.1 1
228.41 0.1 1
238.27 0.1 1
244.14 0.1 1
246.24 0.1 1
250.24 0.1 1
258.16 0.1 1
260.01 0.1 1
262.14 0.1 1
264.01 0.1 1
266.04 0.1 1
269.95 0.1 1
274.03 0.1 1
275.9 0.1 1
279.93 0.1 1
285.9 0.1 1
289.82 0.1 1
295.79 0.1 1
297.79 0.1 1
299.89 0.1 1
301.72 0.1 1
303.77 0.1 1
305.84 0.1 1
307.71 0.1 1
309.81 0.1 1
325.5 0.1 1
327.48 0.1 1
331.45 0.1 1
333.55 0.1 1
337.45 0.1 1
341.37 0.1 1
349.34 0.1 1
355.38 0.1 1
359.39 0.1 1
361.2 0.1 1
363.18 0.1 1
365.23 0.1 1
371.28 0.1 1
375.23 0.1 1
377.12 0.1 1
385.2 0.1 1
393.02 0.1 1
395.02 0.1 1
400.89 0.1 1
403 0.1 1
410.93 0.1 1
412.85 0.1 1
414.87 0.1 1
424.77 0.1 1
426.85 0.1 1
438.71 0.1 1
440.57 0.1 1
442.73 0.1 1
446.71 0.1 1
448.68 0.1 1
458.5 0.1 1
462.55 0.1 1
466.52 0.1 1
468.49 0.1 1
474.4 0.1 1
480.36 0.1 1
482.31 0.1 1
484.23 0.1 1
486.23 0.1 1
492.24 0.1 1
494.26 0.1 1
496.23 0.1 1
500.25 0.1 1
504.05 0.1 1
