4.12 0.1 1
6.12 0.1 1
10.1 0.1 1
12.02 0.1 1
18.09 0.1 1
19.96 0.1 1
22.02 0.1 1
24.04 0.1 1
26.04 0.1 1
33.9 0.1 1
35.98 0.1 1
38 0.1 1
41.87 0.1 1
45.93 0.1 1
47.88 0.1 1
49.75 0.1 1
51.84 0.1 1
57.85 0.1 1
67.64 0.1 1
69.62 0.1 1
71.71 0.1 1
73.56 0.1 1
77.53 0.1 1
79.59 0.1 1
81.63 0.1 1
85.51 0.1 1
87.48 0.1 1
89.52 0.1 1
91.52 0.1 1
95.42 0.1 1
107.24 0.1 1
121.18 0.1 1
125.11 0.1 1
127.13 0.1 1
131.1 0.1 1
133.2 0.1 1
135.12 0.1 1
137.13 0.1 1
139.13 0.1 1
144.95 0.1 1
147.04 0.1 1
150.92 0.1 1
152.92 0.1 1
154.94 0.1 1
162.94 0.1 1
166.78 0.1 1
168.78 0.1 1
170.78 0.1 1
172.76 0.1 1
176.83 0.1 1
182.75 0.1 1
184.65 0.1 1
190.67 0.1 1
194.6 0.1 1
198.52 0.1 1
202.51 0.1 1
208.58 0.1 1
214.53 0.1 1
218.43 0.1 1
224.43 0.1 1
228.43 0.1 1
238.2 0.1 1
244.27 0.1 1
246.11 0.1 1
250.14 0.1 1
258.16 0.1 1
260.01 0.1 1
262.08 0.1 1
264.1 0.1 1
265.96 0.1 1
270.03 0.1 1
274.05 0.1 1
275.92 0.1 1
279.99 0.1 1
285.95 0.1 1
289.77 0.1 1
295.86 0.1 1
297.79 0.1 1
299.71 0.1 1
301.73 0.1 1
303.83 0.1 1
305.71 0.1 1
307.75 0.1 1
309.71 0.1 1
325.62 0.1 1
327.47 0.1 1
331.59 0.1 1
333.42 0.1 1
337.49 0.1 1
341.36 0.1 1
349.44 0.1 1
355.36 0.1 1
359.26 0.1 1
361.35 0.1 1
363.32 0.1 1
365.18 0.1 1
371.2 0.1 1
375.12 0.1 1
377.07 0.1 1
385.12 0.1 1
392.91 0.1 1
394.89 0.1 1
401.03 0.1 1
402.98 0.1 1
410.85 0.1 1
412.95 0.1 1
414.75 0.1 1
424.82 0.1 1
426.71 0.1 1
438.69 0.1 1
440.66 0.1 1
442.71 0.1 1
446.68 0.1 1
448.48 0.1 1
458.5 0.1 1
462.45 0.1 1
466.52 0.1 1
468.5 0.1 1
474.34 0.1 1
480.28 0.1 1
482.24 0.1 1
484.28 0.1 1
486.35 0.1 1
492.3 0.1 1
494.23 0.1 1
496.28 0.1 1
500.18 0.1 1
504.15 0.1 1
