4.18 0.1 1
6.15 0.1 1
10.12 0.1 1
12.09 0.1 1
17.97 0.1 1
19.99 0.1 1
22.07 0.1 1
23.96 0.1 1
26.04 0.1 1
33.99 0.1 1
35.84 0.1 1
37.91 0.1 1
41.86 0.1 1
45.95 0.1 1
47.83 0.1 1
49.8 0.1 1
51.88 0.1 1
57.85 0.1 1
67.74 0.1 1
69.57 0.1 1
71.57 0.1 1
73.56 0.1 1
77.66 0.1 1
79.68 0.1 1
81.63 0.1 1
85.55 0.1 1
87.53 0.1 1
89.53 0.1 1
91.43 0.1 1
95.52 0.1 1
107.4 0.1 1
121.22 0.1 1
125.13 0.1 1
127.28 0.1 1
131.08 0.1 1
133.21 0.1 1
135.1 0.1 1
137.05 0.1 1
139.06 0.1 1
144.95 0.1 1
146.92 0.1 1
151 0.1 1
152.89 0.1 1
154.84 0.1 1
162.82 0.1 1
166.84 0.1 1
168.81 0.1 1
170.78 0.1 1
172.68 0.1 1
176.81 0.1 1
182.7 0.1 1
184.68 0.1 1
190.6 0.1 1
194.7 0.1 1
198.55 0.1 1
202.46 0.1 1
208.39 0.1 1
214.34 0.1 1
218.46 0.1 1
224.4 0.1 1
228.25 0.1 1
238.27 0.1 1
244.29 0.1 1
246.22 0.1 1
250.16 0.1 1
258.14 0.1 1
260.09 0.1 1
262.06 0.1 1
264.11 0.1 1
266.06 0.1 1
269.88 0.1 1
274.01 0.1 1
275.87 0.1 1
279.87 0.1 1
285.9 0.1 1
289.79 0.1 1
295.81 0.1 1
297.76 0.1 1
299.66 0.1 1
301.66 0.1 1
303.77 0.1 1
305.59 0.1 1
307.61 0.1 1
309.63 0.1 1
325.62 0.1 1
327.48 0.1 1
331.55 0.1 1
333.52 0.1 1
337.49 0.1 1
341.32 0.1 1
349.26 0.1 1
355.24 0.1 1
359.21 0.1 1
361.15 0.1 1
363.15 0.1 1
365.13 0.1 1
371.15 0.1 1
375.08 0.1 1
377.08 0.1 1
384.99 0.1 1
392.91 0.1 1
394.84 0.1 1
400.86 0.1 1
402.85 0.1 1
410.83 0.1 1
412.85 0.1 1
414.82 0.1 1
424.74 0.1 1
426.57 0.1 1
438.66 0.1 1
440.56 0.1 1
442.64 0.1 1
446.49 0.1 1
448.41 0.1 1
458.46 0.1 1
462.28 0.1 1
466.3 0.1 1
468.42 0.1 1
474.37 0.1 1
480.16 0.1 1
482.16 0.1 1
484.16 0.1 1
486.23 0.1 1
492.08 0.1 1
494.11 0.1 1
496.08 0.1 1
500.08 0.1 1
503.96 0.1 1
