4.16 0.1 1
6.21 0.1 1
10.16 0.1 1
12.08 0.1 1
17.97 0.1 1
19.98 0.1 1
22 0.1 1
23.92 0.1 1
25.94 0.1 1
33.94 0.1 1
35.99 0.1 1
37.86 0.1 1
41.78 0.1 1
45.88 0.1 1
47.84 0.1 1
49.8 0.1 1
51.8 0.1 1
57.83 0.1 1
67.72 0.1 1
69.65 0.1 1
71.65 0.1 1
73.62 0.1 1
77.61 0.1 1
79.51 0.1 1
81.52 0.1 1
85.44 0.1 1
87.41 0.1 1
89.51 0.1 1
91.46 0.1 1
95.34 0.1 1
107.27 0.1 1
121.25 0.1 1
125.26 0.1 1
127.26 0.1 1
131.16 0.1 1
133.19 0.1 1
135.13 0.1 1
137.19 0.1 1
138.99 0.1 1
145.1 0.1 1
147.08 0.1 1
150.91 0.1 1
152.97 0.1 1
154.88 0.1 1
162.95 0.1 1
166.75 0.1 1
168.77 0.1 1
170.86 0.1 1
172.69 0.1 1
176.67 0.1 1
182.76 0.1 1
184.76 0.1 1
190.55 0.1 1
194.61 0.1 1
198.62 0.1 1
202.52 0.1 1
208.39 0.1 1
214.35 0.1 1
218.51 0.1 1
224.28 0.1 1
228.23 0.1 1
238.28 0.1 1
244.28 0.1 1
246.12 0.1 1
250.23 0.1 1
258.09 0.1 1
260.04 0.1 1
262.12 0.1 1
263.92 0.1 1
266.01 0.1 1
270.01 0.1 1
273.88 0.1 1
275.94 0.1 1
279.93 0.1 1
285.85 0.1 1
289.76 0.1 1
295.75 0.1 1
297.72 0.1 1
299.7 0.1 1
301.67 0.1 1
303.6 0.1 1
305.75 0.1 1
307.72 0.1 1
309.61 0.1 1
325.51 0.1 1
327.56 0.1 1
331.51 0.1 1
333.4 0.1 1
337.42 0.1 1
341.28 0.1 1
349.32 0.1 1
355.19 0.1 1
359.17 0.1 1
361.21 0.1 1
363.11 0.1 1
365.26 0.1 1
371.16 0.1 1
375.11 0.1 1
377 0.1 1
384.93 0.1 1
393 0.1 1
395.04 0.1 1
400.89 0.1 1
402.96 0.1 1
410.77 0.1 1
412.76 0.1 1
414.69 0.1 1
424.61 0.1 1
426.71 0.1 1
438.54 0.1 1
440.67 0.1 1
442.57 0.1 1
446.49 0.1 1
448.57 0.1 1
458.53 0.1 1
462.38 0.1 1
466.45 0.1 1
468.41 0.1 1
474.2 0.1 1
480.25 0.1 1
482.19 0.1 1
484.27 0.1 1
486.3 0.1 1
492.07 0.1 1
494.22 0.1 1
496.12 0.1 1
500.04 0.1 1
504.06 0.1 1
