4.15 0.1 1
6.23 0.1 1
10.07 0.1 1
12.1 0.1 1
18.12 0.1 1
20.04 0.1 1
22.09 0.1 1
24.11 0.1 1
26.04 0.1 1
33.99 0.1 1
35.99 0.1 1
37.81 0.1 1
41.86 0.1 1
45.9 0.1 1
47.73 0.1 1
49.82 0.1 1
51.75 0.1 1
57.82 0.1 1
67.72 0.1 1
69.64 0.1 1
71.74 0.1 1
73.54 0.1 1
77.53 0.1 1
79.66 0.1 1
81.46 0.1 1
85.53 0.1 1
87.6 0.1 1
89.58 0.1 1
91.53 0.1 1
95.43 0.1 1
107.29 0.1 1
121.18 0.1 1
125.21 0.1 1
127.28 0.1 1
131.08 0.1 1
133.18 0.1 1
135.13 0.1 1
137.18 0.1 1
139.15 0.1 1
144.94 0.1 1
146.99 0.1 1
151 0.1 1
153.02 0.1 1
154.99 0.1 1
162.86 0.1 1
166.84 0.1 1
168.84 0.1 1
170.86 0.1 1
172.73 0.1 1
176.7 0.1 1
182.82 0.1 1
184.8 0.1 1
190.65 0.1 1
194.64 0.1 1
198.66 0.1 1
202.66 0.1 1
208.44 0.1 1
214.43 0.1 1
218.35 0.1 1
224.45 0.1 1
228.32 0.1 1
238.27 0.1 1
244.14 0.1 1
246.19 0.1 1
250.21 0.1 1
258.11 0.1 1
260.1 0.1 1
262.01 0.1 1
264.03 0.1 1
266.08 0.1 1
269.95 0.1 1
274.07 0.1 1
276 0.1 1
279.97 0.1 1
285.92 0.1 1
289.94 0.1 1
295.76 0.1 1
297.79 0.1 1
299.74 0.1 1
301.74 0.1 1
303.69 0.1 1
305.83 0.1 1
307.7 0.1 1
309.8 0.1 1
325.65 0.1 1
327.64 0.1 1
331.62 0.1 1
333.56 0.1 1
337.42 0.1 1
341.43 0.1 1
349.48 0.1 1
355.41 0.1 1
359.23 0.1 1
361.22 0.1 1
363.23 0.1 1
365.33 0.1 1
371.15 0.1 1
375.1 0.1 1
377.14 0.1 1
385.18 0.1 1
393.11 0.1 1
395.11 0.1 1
401.05 0.1 1
402.95 0.1 1
410.97 0.1 1
412.79 0.1 1
414.94 0.1 1
424.72 0.1 1
426.69 0.1 1
438.6 0.1 1
440.58 0.1 1
442.58 0.1 1
446.5 0.1 1
448.48 0.1 1
458.52 0.1 1
462.47 0.1 1
466.5 0.1 1
468.51 0.1 1
474.29 0.1 1
480.39 0.1 1
482.39 0.1 1
484.3 0.1 1
486.26 0.1 1
492.13 0.1 1
494.21 0.1 1
496.28 0.1 1
500.07 0.1 1
504.22 0.1 1
