4.28 0.1 1
6.06 0.1 1
10.06 0.1 1
12.05 0.1 1
18.07 0.1 1
20.13 0.1 1
21.93 0.1 1
24.07 0.1 1
25.92 0.1 1
33.86 0.1 1
35.94 0.1 1
37.99 0.1 1
41.84 0.1 1
45.93 0.1 1
47.73 0.1 1
49.8 0.1 1
51.78 0.1 1
57.8 0.1 1
67.64 0.1 1
69.57 0.1 1
71.57 0.1 1
73.54 0.1 1
77.61 0.1 1
79.67 0.1 1
81.56 0.1 1
85.54 0.1 1
87.59 0.1 1
89.39 0.1 1
91.54 0.1 1
95.5 0.1 1
107.38 0.1 1
121.17 0.1 1
125.31 0.1 1
127.21 0.1 1
131.22 0.1 1
133.09 0.1 1
135.19 0.1 1
137.16 0.1 1
139.11 0.1 1
144.98 0.1 1
147.01 0.1 1
150.93 0.1 1
153 0.1 1
154.97 0.1 1
162.95 0.1 1
166.97 0.1 1
168.85 0.1 1
170.75 0.1 1
172.89 0.1 1
176.89 0.1 1
182.78 0.1 1
184.64 0.1 1
190.75 0.1 1
194.58 0.1 1
198.6 0.1 1
202.65 0.1 1
208.45 0.1 1
214.52 0.1 1
218.56 0.1 1
224.46 0.1 1
228.46 0.1 1
238.31 0.1 1
244.3 0.1 1
246.32 0.1 1
250.25 0.1 1
258.22 0.1 1
260.04 0.1 1
262.12 0.1 1
264.07 0.1 1
265.97 0.1 1
270.06 0.1 1
274.08 0.1 1
275.99 0.1 1
279.88 0.1 1
285.91 0.1 1
289.9 0.1 1
295.78 0.1 1
297.83 0.1 1
299.82 0.1 1
301.75 0.1 1
303.82 0.1 1
305.74 0.1 1
307.82 0.1 1
309.62 0.1 1
325.61 0.1 1
327.53 0.1 1
331.55 0.1 1
333.43 0.1 1
337.48 0.1 1
341.37 0.1 1
349.29 0.1 1
355.41 0.1 1
359.22 0.1 1
361.29 0.1 1
363.28 0.1 1
365.33 0.1 1
371.21 0.1 1
375.11 0.1 1
377.11 0.1 1
385.12 0.1 1
393.05 0.1 1
395.09 0.1 1
400.99 0.1 1
403.01 0.1 1
410.91 0.1 1
412.78 0.1 1
414.93 0.1 1
424.68 0.1 1
426.76 0.1 1
438.57 0.1 1
440.54 0.1 1
442.55 0.1 1
446.64 0.1 1
448.47 0.1 1
458.54 0.1 1
462.46 0.1 1
466.33 0.1 1
468.41 0.1 1
474.43 0.1 1
480.3 0.1 1
482.25 0.1 1
484.27 0.1 1
486.24 0.1 1
492.32 0.1 1
494.14 0.1 1
496.19 0.1 1
500.26 0.1 1
504.04 0.1 1
