4.18 0.1 1
6.13 0.1 1
10.08 0.1 1
12.18 0.1 1
18 0.1 1
20.04 0.1 1
22.02 0.1 1
24 0.1 1
26.07 0.1 1
34.04 0.1 1
36.02 0.1 1
37.89 0.1 1
41.89 0.1 1
45.9 0.1 1
47.76 0.1 1
49.73 0.1 1
51.85 0.1 1
57.72 0.1 1
67.67 0.1 1
69.7 0.1 1
71.7 0.1 1
73.72 0.1 1
77.64 0.1 1
79.67 0.1 1
81.46 0.1 1
85.56 0.1 1
87.48 0.1 1
89.49 0.1 1
91.44 0.1 1
95.4 0.1 1
107.3 0.1 1
121.17 0.1 1
125.26 0.1 1
127.28 0.1 1
131.09 0.1 1
133.13 0.1 1
135.18 0.1 1
137.13 0.1 1
139 0.1 1
145.05 0.1 1
147.01 0.1 1
151 0.1 1
152.88 0.1 1
154.9 0.1 1
162.84 0.1 1
166.91 0.1 1
168.86 0.1 1
170.94 0.1 1
172.78 0.1 1
176.86 0.1 1
182.68 0.1 1
184.76 0.1 1
190.65 0.1 1
194.75 0.1 1
198.67 0.1 1
202.6 0.1 1
208.42 0.1 1
214.41 0.1 1
218.44 0.1 1
224.34 0.1 1
228.34 0.1 1
238.25 0.1 1
244.15 0.1 1
246.25 0.1 1
250.15 0.1 1
258.14 0.1 1
259.99 0.1 1
262.07 0.1 1
264.01 0.1 1
266.09 0.1 1
270.11 0.1 1
273.89 0.1 1
275.9 0.1 1
279.85 0.1 1
285.77 0.1 1
289.75 0.1 1
295.87 0.1 1
297.7 0.1 1
299.74 0.1 1
301.67 0.1 1
303.64 0.1 1
305.79 0.1 1
307.62 0.1 1
309.77 0.1 1
325.58 0.1 1
327.43 0.1 1
331.43 0.1 1
333.58 0.1 1
337.54 0.1 1
341.35 0.1 1
349.26 0.1 1
355.29 0.1 1
359.34 0.1 1
361.23 0.1 1
363.19 0.1 1
365.13 0.1 1
371.16 0.1 1
375.06 0.1 1
377.1 0.1 1
385.13 0.1 1
393.04 0.1 1
395.04 0.1 1
400.99 0.1 1
403.01 0.1 1
410.8 0.1 1
412.86 0.1 1
414.73 0.1 1
424.7 0.1 1
426.77 0.1 1
438.65 0.1 1
440.71 0.1 1
442.64 0.1 1
446.57 0.1 1
448.46 0.1 1
458.36 0.1 1
462.46 0.1 1
466.33 0.1 1
468.47 0.1 1
474.29 0.1 1
480.19 0.1 1
482.25 0.1 1
484.36 0.1 1
486.29 0.1 1
492.12 0.1 1
494.21 0.1 1
496.16 0.1 1
500.09 0.1 1
504.16 0.1 1
