4.11 0.1 1
6.12 0.1 1
10.23 0.1 1
12.06 0.1 1
18.08 0.1 1
20.06 0.1 1
22.11 0.1 1
24.1 0.1 1
26.02 0.1 1
33.85 0.1 1
35.87 0.1 1
37.88 0.1 1
41.85 0.1 1
45.84 0.1 1
47.92 0.1 1
49.72 0.1 1
51.84 0.1 1
57.81 0.1 1
67.7 0.1 1
69.75 0.1 1
71.63 0.1 1
73.55 0.1 1
77.57 0.1 1
79.6 0.1 1
81.52 0.1 1
85.44 0.1 1
87.54 0.1 1
89.45 0.1 1
91.4 0.1 1
95.41 0.1 1
107.34 0.1 1
121.22 0.1 1
125.12 0.1 1
127.18 0.1 1
131.13 0.1 1
133.2 0.1 1
135.14 0.1 1
137.1 0.1 1
139.19 0.1 1
145.09 0.1 1
146.92 0.1 1
151.03 0.1 1
153.01 0.1 1
155.03 0.1 1
162.8 0.1 1
166.91 0.1 1
168.85 0.1 1
170.9 0.1 1
172.77 0.1 1
176.7 0.1 1
182.67 0.1 1
184.8 0.1 1
190.66 0.1 1
194.61 0.1 1
198.68 0.1 1
202.66 0.1 1
208.63 0.1 1
214.38 0.1 1
218.47 0.1 1
224.32 0.1 1
228.47 0.1 1
238.21 0.1 1
244.16 0.1 1
246.13 0.1 1
250.26 0.1 1
258.16 0.1 1
260.18 0.1 1
262.13 0.1 1
263.98 0.1 1
266.1 0.1 1
270.13 0.1 1
274.04 0.1 1
275.95 0.1 1
279.89 0.1 1
285.99 0.1 1
289.79 0.1 1
295.93 0.1 1
297.71 0.1 1
299.76 0.1 1
301.81 0.1 1
303.71 0.1 1
305.66 0.1 1
307.71 0.1 1
309.62 0.1 1
325.62 0.1 1
327.5 0.1 1
331.61 0.1 1
333.54 0.1 1
337.54 0.1 1
341.46 0.1 1
349.48 0.1 1
355.31 0.1 1
359.37 0.1 1
361.38 0.1 1
363.22 0.1 1
365.19 0.1 1
371.25 0.1 1
375.29 0.1 1
377.24 0.1 1
385.19 0.1 1
393.06 0.1 1
395.01 0.1 1
400.88 0.1 1
402.92 0.1 1
410.99 0.1 1
412.87 0.1 1
414.95 0.1 1
424.87 0.1 1
426.84 0.1 1
438.63 0.1 1
440.63 0.1 1
442.58 0.1 1
446.55 0.1 1
448.65 0.1 1
458.45 0.1 1
462.57 0.1 1
466.45 0.1 1
468.37 0.1 1
474.41 0.1 1
480.34 0.1 1
482.29 0.1 1
484.39 0.1 1
486.28 0.1 1
492.18 0.1 1
494.15 0.1 1
496.17 0.1 1
500.23 0.1 1
504.08 0.1 1
