4.11 0.1 1
6.08 0.1 1
10.18 0.1 1
12.2 0.1 1
18 0.1 1
20.07 0.1 1
22.05 0.1 1
24.12 0.1 1
26.02 0.1 1
33.94 0.1 1
35.99 0.1 1
37.85 0.1 1
41.97 0.1 1
45.92 0.1 1
47.83 0.1 1
49.74 0.1 1
51.83 0.1 1
57.81 0.1 1
67.62 0.1 1
69.63 0.1 1
71.7 0.1 1
73.57 0.1 1
77.5 0.1 1
79.54 0.1 1
81.65 0.1 1
85.57 0.1 1
87.54 0.1 1
89.47 0.1 1
91.41 0.1 1
95.54 0.1 1
107.31 0.1 1
121.17 0.1 1
125.24 0.1 1
127.25 0.1 1
131.17 0.1 1
133.06 0.1 1
135.16 0.1 1
137.04 0.1 1
138.99 0.1 1
144.99 0.1 1
146.99 0.1 1
151 0.1 1
152.96 0.1 1
154.98 0.1 1
162.88 0.1 1
166.78 0.1 1
168.92 0.1 1
170.72 0.1 1
172.82 0.1 1
176.72 0.1 1
182.69 0.1 1
184.74 0.1 1
190.66 0.1 1
194.71 0.1 1
198.68 0.1 1
202.56 0.1 1
208.55 0.1 1
214.5 0.1 1
218.45 0.1 1
224.34 0.1 1
228.31 0.1 1
238.33 0.1 1
244.29 0.1 1
246.28 0.1 1
250.13 0.1 1
258.22 0.1 1
260.13 0.1 1
262.19 0.1 1
264.12 0.1 1
266.14 0.1 1
270 0.1 1
274.01 0.1 1
275.96 0.1 1
279.88 0.1 1
285.84 0.1 1
289.91 0.1 1
295.76 0.1 1
297.76 0.1 1
299.73 0.1 1
301.68 0.1 1
303.72 0.1 1
305.73 0.1 1
307.58 0.1 1
309.57 0.1 1
325.64 0.1 1
327.43 0.1 1
331.54 0.1 1
333.41 0.1 1
337.38 0.1 1
341.43 0.1 1
349.4 0.1 1
355.25 0.1 1
359.19 0.1 1
361.17 0.1 1
363.27 0.1 1
365.25 0.1 1
371.26 0.1 1
375.06 0.1 1
377.09 0.1 1
385.06 0.1 1
392.95 0.1 1
394.93 0.1 1
401.03 0.1 1
403.02 0.1 1
410.86 0.1 1
412.9 0.1 1
414.92 0.1 1
424.79 0.1 1
426.68 0.1 1
438.63 0.1 1
440.67 0.1 1
442.7 0.1 1
446.5 0.1 1
448.52 0.1 1
458.52 0.1 1
462.39 0.1 1
466.36 0.1 1
468.38 0.1 1
474.31 0.1 1
480.2 0.1 1
482.36 0.1 1
484.18 0.1 1
486.3 0.1 1
492.23 0.1 1
494.18 0.1 1
496.07 0.1 1
500.17 0.1 1
504.2 0.1 1
