4.21 0.1 1
6.13 0.1 1
9.99 0.1 1
12.11 0.1 1
18.03 0.1 1
19.92 0.1 1
21.97 0.1 1
23.93 0.1 1
25.89 0.1 1
33.77 0.1 1
35.71 0.1 1
37.75 0.1 1
41.63 0.1 1
45.71 0.1 1
47.66 0.1 1
49.6 0.1 1
51.51 0.1 1
57.4 0.1 1
67.25 0.1 1
69.22 0.1 1
71.31 0.1 1
73.15 0.1 1
77.17 0.1 1
79.11 0.1 1
81.2 0.1 1
85.14 0.1 1
86.98 0.1 1
89.01 0.1 1
91.06 0.1 1
95.06 0.1 1
106.87 0.1 1
120.62 0.1 1
124.62 0.1 1
126.49 0.1 1
130.51 0.1 1
132.39 0.1 1
134.38 0.1 1
136.46 0.1 1
138.48 0.1 1
144.43 0.1 1
146.32 0.1 1
150.24 0.1 1
152.34 0.1 1
154.12 0.1 1
162.19 0.1 1
166.08 0.1 1
168.06 0.1 1
170.06 0.1 1
171.88 0.1 1
176.01 0.1 1
181.86 0.1 1
183.82 0.1 1
189.65 0.1 1
193.67 0.1 1
197.74 0.1 1
201.5 0.1 1
207.6 0.1 1
213.5 0.1 1
217.33 0.1 1
223.3 0.1 1
227.12 0.1 1
237 0.1 1
243.09 0.1 1
244.93 0.1 1
248.9 0.1 1
256.9 0.1 1
258.79 0.1 1
260.79 0.1 1
262.81 0.1 1
264.68 0.1 1
268.7 0.1 1
272.69 0.1 1
274.61 0.1 1
278.46 0.1 1
284.43 0.1 1
288.39 0.1 1
294.44 0.1 1
296.33 0.1 1
298.23 0.1 1
300.32 0.1 1
302.33 0.1 1
304.25 0.1 1
306.21 0.1 1
308.1 0.1 1
323.98 0.1 1
325.91 0.1 1
329.97 0.1 1
331.8 0.1 1
335.9 0.1 1
339.73 0.1 1
347.64 0.1 1
353.59 0.1 1
357.56 0.1 1
359.59 0.1 1
361.52 0.1 1
363.58 0.1 1
369.38 0.1 1
373.38 0.1 1
375.25 0.1 1
383.2 0.1 1
391.09 0.1 1
393.12 0.1 1
399.07 0.1 1
401.06 0.1 1
408.83 0.1 1
410.83 0.1 1
412.83 0.1 1
422.65 0.1 1
424.8 0.1 1
436.51 0.1 1
438.54 0.1 1
440.39 0.1 1
444.51 0.1 1
446.36 0.1 1
456.17 0.1 1
460.16 0.1 1
464.05 0.1 1
466.02 0.1 1
472.07 0.1 1
477.89 0.1 1
479.95 0.1 1
482 0.1 1
483.89 0.1 1
489.74 0.1 1
491.83 0.1 1
493.87 0.1 1
497.66 0.1 1
501.62 0.1 1
