4.26 0.1 1
6.13 0.1 1
10.24 0.1 1
12.23 0.1 1
18.07 0.1 1
20.02 0.1 1
22.03 0.1 1
24.05 0.1 1
25.98 0.1 1
33.89 0.1 1
36.01 0.1 1
37.96 0.1 1
41.94 0.1 1
45.81 0.1 1
47.74 0.1 1
49.74 0.1 1
51.91 0.1 1
57.81 0.1 1
67.73 0.1 1
69.72 0.1 1
71.63 0.1 1
73.67 0.1 1
77.65 0.1 1
79.54 0.1 1
81.64 0.1 1
85.52 0.1 1
87.59 0.1 1
89.51 0.1 1
91.46 0.1 1
95.44 0.1 1
107.3 0.1 1
121.34 0.1 1
125.29 0.1 1
127.16 0.1 1
131.19 0.1 1
133.19 0.1 1
135.06 0.1 1
137.19 0.1 1
139.03 0.1 1
145.03 0.1 1
147.15 0.1 1
150.95 0.1 1
153.03 0.1 1
154.98 0.1 1
162.97 0.1 1
166.99 0.1 1
168.84 0.1 1
170.8 0.1 1
172.81 0.1 1
176.82 0.1 1
182.81 0.1 1
184.84 0.1 1
190.69 0.1 1
194.56 0.1 1
198.55 0.1 1
202.63 0.1 1
208.57 0.1 1
214.42 0.1 1
218.41 0.1 1
224.37 0.1 1
228.44 0.1 1
238.4 0.1 1
244.31 0.1 1
246.25 0.1 1
250.15 0.1 1
258.09 0.1 1
260.14 0.1 1
262.04 0.1 1
264.06 0.1 1
266.07 0.1 1
269.99 0.1 1
274.04 0.1 1
275.94 0.1 1
280.04 0.1 1
286.01 0.1 1
289.96 0.1 1
295.88 0.1 1
297.93 0.1 1
299.88 0.1 1
301.77 0.1 1
303.79 0.1 1
305.87 0.1 1
307.8 0.1 1
309.81 0.1 1
325.66 0.1 1
327.56 0.1 1
331.6 0.1 1
333.51 0.1 1
337.42 0.1 1
341.43 0.1 1
349.52 0.1 1
355.35 0.1 1
359.41 0.1 1
361.29 0.1 1
363.37 0.1 1
365.23 0.1 1
371.26 0.1 1
375.18 0.1 1
377.15 0.1 1
385.12 0.1 1
393.07 0.1 1
395.05 0.1 1
401.04 0.1 1
403.07 0.1 1
410.93 0.1 1
412.93 0.1 1
414.99 0.1 1
424.75 0.1 1
426.78 0.1 1
438.8 0.1 1
440.72 0.1 1
442.64 0.1 1
446.65 0.1 1
448.64 0.1 1
458.62 0.1 1
462.41 0.1 1
466.58 0.1 1
468.55 0.1 1
474.38 0.1 1
480.4 0.1 1
482.33 0.1 1
484.25 0.1 1
486.4 0.1 1
492.19 0.1 1
494.31 0.1 1
496.27 0.1 1
500.31 0.1 1
504.16 0.1 1
