4.18 0.1 1
6.1 0.1 1
10.05 0.1 1
12.18 0.1 1
18.02 0.1 1
20 0.1 1
22.09 0.1 1
24.07 0.1 1
26.09 0.1 1
33.94 0.1 1
35.96 0.1 1
37.92 0.1 1
41.84 0.1 1
45.94 0.1 1
47.9 0.1 1
49.83 0.1 1
51.83 0.1 1
57.77 0.1 1
67.58 0.1 1
69.62 0.1 1
71.69 0.1 1
73.7 0.1 1
77.49 0.1 1
79.59 0.1 1
81.57 0.1 1
85.41 0.1 1
87.43 0.1 1
89.46 0.1 1
91.48 0.1 1
95.51 0.1 1
107.32 0.1 1
121.29 0.1 1
125.27 0.1 1
127.24 0.1 1
131.09 0.1 1
133.03 0.1 1
135.13 0.1 1
137.04 0.1 1
139.08 0.1 1
145 0.1 1
147.01 0.1 1
151.02 0.1 1
152.9 0.1 1
155.02 0.1 1
162.8 0.1 1
166.89 0.1 1
168.77 0.1 1
170.72 0.1 1
172.69 0.1 1
176.82 0.1 1
182.74 0.1 1
184.59 0.1 1
190.68 0.1 1
194.68 0.1 1
198.45 0.1 1
202.62 0.1 1
208.4 0.1 1
214.39 0.1 1
218.39 0.1 1
224.41 0.1 1
228.29 0.1 1
238.26 0.1 1
244.08 0.1 1
246.12 0.1 1
250.2 0.1 1
258.09 0.1 1
260 0.1 1
262.01 0.1 1
264.01 0.1 1
265.99 0.1 1
269.96 0.1 1
273.99 0.1 1
275.94 0.1 1
279.9 0.1 1
285.78 0.1 1
289.83 0.1 1
295.75 0.1 1
297.77 0.1 1
299.69 0.1 1
301.79 0.1 1
303.61 0.1 1
305.7 0.1 1
307.67 0.1 1
309.67 0.1 1
325.4 0.1 1
327.38 0.1 1
331.43 0.1 1
333.43 0.1 1
337.38 0.1 1
341.38 0.1 1
349.25 0.1 1
355.19 0.1 1
359.24 0.1 1
361.19 0.1 1
363.13 0.1 1
365.23 0.1 1
371.08 0.1 1
375 0.1 1
377.15 0.1 1
385.07 0.1 1
392.92 0.1 1
394.89 0.1 1
400.89 0.1 1
402.91 0.1 1
410.74 0.1 1
412.66 0.1 1
414.66 0.1 1
424.68 0.1 1
426.65 0.1 1
438.49 0.1 1
440.59 0.1 1
442.44 0.1 1
446.54 0.1 1
448.39 0.1 1
458.38 0.1 1
462.31 0.1 1
466.3 0.1 1
468.28 0.1 1
474.2 0.1 1
480.22 0.1 1
482.09 0.1 1
484.14 0.1 1
486.27 0.1 1
492.04 0.1 1
494.01 0.1 1
495.99 0.1 1
499.96 0.1 1
504.08 0.1 1
