4.16 0.1 1
6.16 0.1 1
10.13 0.1 1
12.02 0.1 1
18 0.1 1
19.97 0.1 1
22.04 0.1 1
24.04 0.1 1
26.07 0.1 1
33.84 0.1 1
35.91 0.1 1
37.96 0.1 1
41.81 0.1 1
45.84 0.1 1
47.86 0.1 1
49.91 0.1 1
51.78 0.1 1
57.65 0.1 1
67.67 0.1 1
69.59 0.1 1
71.67 0.1 1
73.59 0.1 1
77.47 0.1 1
79.61 0.1 1
81.57 0.1 1
85.42 0.1 1
87.44 0.1 1
89.44 0.1 1
91.54 0.1 1
95.34 0.1 1
107.3 0.1 1
121.12 0.1 1
125.24 0.1 1
127.17 0.1 1
131.24 0.1 1
133.03 0.1 1
135.18 0.1 1
137.13 0.1 1
139.13 0.1 1
145.13 0.1 1
146.96 0.1 1
150.91 0.1 1
153 0.1 1
154.85 0.1 1
162.84 0.1 1
166.87 0.1 1
168.85 0.1 1
170.89 0.1 1
172.71 0.1 1
176.81 0.1 1
182.79 0.1 1
184.81 0.1 1
190.58 0.1 1
194.7 0.1 1
198.7 0.1 1
202.58 0.1 1
208.44 0.1 1
214.39 0.1 1
218.42 0.1 1
224.43 0.1 1
228.33 0.1 1
238.28 0.1 1
244.31 0.1 1
246.3 0.1 1
250.12 0.1 1
258.14 0.1 1
260 0.1 1
262.07 0.1 1
264.17 0.1 1
266.12 0.1 1
269.97 0.1 1
273.91 0.1 1
275.91 0.1 1
280.01 0.1 1
285.93 0.1 1
289.88 0.1 1
295.88 0.1 1
297.73 0.1 1
299.8 0.1 1
301.75 0.1 1
303.84 0.1 1
305.64 0.1 1
307.74 0.1 1
309.69 0.1 1
325.44 0.1 1
327.55 0.1 1
331.43 0.1 1
333.48 0.1 1
337.45 0.1 1
341.47 0.1 1
349.37 0.1 1
355.29 0.1 1
359.32 0.1 1
361.31 0.1 1
363.23 0.1 1
365.26 0.1 1
371.04 0.1 1
375.18 0.1 1
377.06 0.1 1
385.12 0.1 1
393.02 0.1 1
394.92 0.1 1
400.86 0.1 1
402.99 0.1 1
410.79 0.1 1
412.79 0.1 1
414.69 0.1 1
424.65 0.1 1
426.63 0.1 1
438.7 0.1 1
440.65 0.1 1
442.52 0.1 1
446.49 0.1 1
448.5 0.1 1
458.54 0.1 1
462.33 0.1 1
466.31 0.1 1
468.33 0.1 1
474.31 0.1 1
480.22 0.1 1
482.27 0.1 1
484.24 0.1 1
486.27 0.1 1
492.09 0.1 1
494.11 0.1 1
496.11 0.1 1
500.21 0.1 1
504.18 0.1 1
