4.21 0.1 1
6.11 0.1 1
10.09 0.1 1
12.11 0.1 1
18.08 0.1 1
19.98 0.1 1
22.11 0.1 1
24.05 0.1 1
25.91 0.1 1
33.93 0.1 1
35.88 0.1 1
37.98 0.1 1
41.95 0.1 1
45.84 0.1 1
47.8 0.1 1
49.74 0.1 1
51.86 0.1 1
57.66 0.1 1
67.78 0.1 1
69.66 0.1 1
71.71 0.1 1
73.58 0.1 1
77.65 0.1 1
79.58 0.1 1
81.57 0.1 1
85.44 0.1 1
87.6 0.1 1
89.49 0.1 1
91.4 0.1 1
95.47 0.1 1
107.44 0.1 1
121.13 0.1 1
125.15 0.1 1
127.1 0.1 1
131.15 0.1 1
133.05 0.1 1
135.15 0.1 1
137.14 0.1 1
139.14 0.1 1
145.12 0.1 1
146.96 0.1 1
151.04 0.1 1
152.94 0.1 1
154.91 0.1 1
162.98 0.1 1
166.81 0.1 1
168.93 0.1 1
170.75 0.1 1
172.9 0.1 1
176.75 0.1 1
182.79 0.1 1
184.69 0.1 1
190.59 0.1 1
194.66 0.1 1
198.64 0.1 1
202.54 0.1 1
208.55 0.1 1
214.43 0.1 1
218.4 0.1 1
224.29 0.1 1
228.4 0.1 1
238.27 0.1 1
244.26 0.1 1
246.26 0.1 1
250.16 0.1 1
258.03 0.1 1
260.1 0.1 1
262.02 0.1 1
264.05 0.1 1
266.08 0.1 1
269.94 0.1 1
273.99 0.1 1
275.99 0.1 1
279.84 0.1 1
285.84 0.1 1
289.76 0.1 1
295.66 0.1 1
297.81 0.1 1
299.65 0.1 1
301.76 0.1 1
303.66 0.1 1
305.78 0.1 1
307.75 0.1 1
309.75 0.1 1
325.47 0.1 1
327.57 0.1 1
331.41 0.1 1
333.43 0.1 1
337.34 0.1 1
341.36 0.1 1
349.33 0.1 1
355.18 0.1 1
359.3 0.1 1
361.12 0.1 1
363.24 0.1 1
365.19 0.1 1
371.09 0.1 1
375.21 0.1 1
377.19 0.1 1
384.98 0.1 1
392.91 0.1 1
394.93 0.1 1
400.87 0.1 1
402.97 0.1 1
410.75 0.1 1
412.9 0.1 1
414.7 0.1 1
424.74 0.1 1
426.63 0.1 1
438.6 0.1 1
440.68 0.1 1
442.62 0.1 1
446.43 0.1 1
448.48 0.1 1
458.39 0.1 1
462.36 0.1 1
466.42 0.1 1
468.29 0.1 1
474.28 0.1 1
480.26 0.1 1
482.35 0.1 1
484.2 0.1 1
486.28 0.1 1
492.15 0.1 1
494.22 0.1 1
496.15 0.1 1
500.12 0.1 1
504.09 0.1 1
