4.25 0.1 1
6.15 0.1 1
10.16 0.1 1
12.11 0.1 1
17.99 0.1 1
20.13 0.1 1
22.03 0.1 1
24.03 0.1 1
26.05 0.1 1
33.85 0.1 1
36.02 0.1 1
37.93 0.1 1
41.8 0.1 1
45.79 0.1 1
47.92 0.1 1
49.85 0.1 1
51.77 0.1 1
57.82 0.1 1
67.76 0.1 1
69.61 0.1 1
71.75 0.1 1
73.58 0.1 1
77.6 0.1 1
79.58 0.1 1
81.65 0.1 1
85.6 0.1 1
87.5 0.1 1
89.39 0.1 1
91.5 0.1 1
95.44 0.1 1
107.39 0.1 1
121.21 0.1 1
125.17 0.1 1
127.13 0.1 1
131.12 0.1 1
133.12 0.1 1
135.12 0.1 1
137.19 0.1 1
139.19 0.1 1
145.12 0.1 1
147.11 0.1 1
150.92 0.1 1
153.03 0.1 1
154.96 0.1 1
162.93 0.1 1
166.78 0.1 1
168.86 0.1 1
170.88 0.1 1
172.76 0.1 1
176.77 0.1 1
182.64 0.1 1
184.82 0.1 1
190.6 0.1 1
194.59 0.1 1
198.51 0.1 1
202.59 0.1 1
208.44 0.1 1
214.38 0.1 1
218.5 0.1 1
224.42 0.1 1
228.42 0.1 1
238.37 0.1 1
244.32 0.1 1
246.19 0.1 1
250.28 0.1 1
258.18 0.1 1
260.11 0.1 1
262.03 0.1 1
264.17 0.1 1
265.98 0.1 1
270.07 0.1 1
274.09 0.1 1
275.89 0.1 1
280.02 0.1 1
285.92 0.1 1
289.81 0.1 1
295.88 0.1 1
297.88 0.1 1
299.81 0.1 1
301.68 0.1 1
303.75 0.1 1
305.83 0.1 1
307.81 0.1 1
309.65 0.1 1
325.62 0.1 1
327.47 0.1 1
331.54 0.1 1
333.51 0.1 1
337.49 0.1 1
341.56 0.1 1
349.3 0.1 1
355.32 0.1 1
359.22 0.1 1
361.22 0.1 1
363.25 0.1 1
365.17 0.1 1
371.25 0.1 1
375.14 0.1 1
377.26 0.1 1
385.19 0.1 1
392.96 0.1 1
394.96 0.1 1
400.97 0.1 1
402.97 0.1 1
410.82 0.1 1
412.84 0.1 1
414.94 0.1 1
424.81 0.1 1
426.68 0.1 1
438.75 0.1 1
440.75 0.1 1
442.7 0.1 1
446.53 0.1 1
448.7 0.1 1
458.62 0.1 1
462.56 0.1 1
466.41 0.1 1
468.36 0.1 1
474.39 0.1 1
480.35 0.1 1
482.3 0.1 1
484.4 0.1 1
486.21 0.1 1
492.2 0.1 1
494.32 0.1 1
496.25 0.1 1
500.09 0.1 1
504.25 0.1 1
