4.11 0.1 1
6.16 0.1 1
10.17 0.1 1
12.16 0.1 1
18.16 0.1 1
19.98 0.1 1
21.96 0.1 1
23.98 0.1 1
26.01 0.1 1
33.92 0.1 1
35.95 0.1 1
37.97 0.1 1
41.94 0.1 1
45.87 0.1 1
47.74 0.1 1
49.84 0.1 1
51.72 0.1 1
57.84 0.1 1
67.71 0.1 1
69.75 0.1 1
71.56 0.1 1
73.73 0.1 1
77.55 0.1 1
79.63 0.1 1
81.57 0.1 1
85.5 0.1 1
87.62 0.1 1
89.57 0.1 1
91.57 0.1 1
95.56 0.1 1
107.33 0.1 1
121.17 0.1 1
125.23 0.1 1
127.15 0.1 1
131.15 0.1 1
133.12 0.1 1
135.14 0.1 1
137 0.1 1
139 0.1 1
145.09 0.1 1
146.94 0.1 1
150.99 0.1 1
152.88 0.1 1
154.94 0.1 1
162.96 0.1 1
166.91 0.1 1
168.91 0.1 1
170.87 0.1 1
172.75 0.1 1
176.84 0.1 1
182.72 0.1 1
184.66 0.1 1
190.57 0.1 1
194.53 0.1 1
198.66 0.1 1
202.51 0.1 1
208.4 0.1 1
214.35 0.1 1
218.47 0.1 1
224.3 0.1 1
228.25 0.1 1
238.29 0.1 1
244.21 0.1 1
246.09 0.1 1
250.18 0.1 1
257.95 0.1 1
260.08 0.1 1
261.93 0.1 1
264.08 0.1 1
265.9 0.1 1
269.89 0.1 1
273.89 0.1 1
275.81 0.1 1
279.84 0.1 1
285.71 0.1 1
289.68 0.1 1
295.66 0.1 1
297.75 0.1 1
299.7 0.1 1
301.76 0.1 1
303.63 0.1 1
305.63 0.1 1
307.67 0.1 1
309.55 0.1 1
325.59 0.1 1
327.47 0.1 1
331.41 0.1 1
333.36 0.1 1
337.33 0.1 1
341.36 0.1 1
349.4 0.1 1
355.18 0.1 1
359.12 0.1 1
361.15 0.1 1
363.14 0.1 1
365.24 0.1 1
371.22 0.1 1
375.07 0.1 1
377.04 0.1 1
385 0.1 1
393.01 0.1 1
394.83 0.1 1
400.95 0.1 1
402.83 0.1 1
410.82 0.1 1
412.79 0.1 1
414.84 0.1 1
424.78 0.1 1
426.59 0.1 1
438.5 0.1 1
440.63 0.1 1
442.63 0.1 1
446.52 0.1 1
448.44 0.1 1
458.47 0.1 1
462.32 0.1 1
466.38 0.1 1
468.44 0.1 1
474.38 0.1 1
480.33 0.1 1
482.23 0.1 1
484.26 0.1 1
486.26 0.1 1
492.25 0.1 1
494.15 0.1 1
496.22 0.1 1
500.17 0.1 1
504.04 0.1 1
