4.1 0.1 1
6.12 0.1 1
10.16 0.1 1
12.16 0.1 1
18.18 0.1 1
20.09 0.1 1
22.06 0.1 1
24.06 0.1 1
26.03 0.1 1
33.85 0.1 1
36 0.1 1
37.93 0.1 1
41.87 0.1 1
45.87 0.1 1
47.89 0.1 1
49.92 0.1 1
51.7 0.1 1
57.82 0.1 1
67.73 0.1 1
69.56 0.1 1
71.73 0.1 1
73.59 0.1 1
77.5 0.1 1
79.48 0.1 1
81.47 0.1 1
85.63 0.1 1
87.43 0.1 1
89.47 0.1 1
91.39 0.1 1
95.42 0.1 1
107.42 0.1 1
121.26 0.1 1
125.13 0.1 1
127.2 0.1 1
131.17 0.1 1
133.08 0.1 1
135.12 0.1 1
137.13 0.1 1
139.05 0.1 1
144.97 0.1 1
147.07 0.1 1
151.02 0.1 1
152.99 0.1 1
155.04 0.1 1
162.88 0.1 1
166.91 0.1 1
168.95 0.1 1
170.75 0.1 1
172.73 0.1 1
176.82 0.1 1
182.78 0.1 1
184.65 0.1 1
190.64 0.1 1
194.71 0.1 1
198.66 0.1 1
202.61 0.1 1
208.53 0.1 1
214.6 0.1 1
218.48 0.1 1
224.52 0.1 1
228.38 0.1 1
238.32 0.1 1
244.34 0.1 1
246.29 0.1 1
250.31 0.1 1
258.23 0.1 1
260.15 0.1 1
262.01 0.1 1
264.06 0.1 1
265.98 0.1 1
269.98 0.1 1
273.98 0.1 1
276.05 0.1 1
279.87 0.1 1
285.95 0.1 1
289.81 0.1 1
295.89 0.1 1
297.74 0.1 1
299.79 0.1 1
301.81 0.1 1
303.75 0.1 1
305.78 0.1 1
307.85 0.1 1
309.68 0.1 1
325.55 0.1 1
327.59 0.1 1
331.62 0.1 1
333.56 0.1 1
337.42 0.1 1
341.38 0.1 1
349.33 0.1 1
355.38 0.1 1
359.25 0.1 1
361.35 0.1 1
363.35 0.1 1
365.28 0.1 1
371.25 0.1 1
375.2 0.1 1
377.29 0.1 1
385.02 0.1 1
393.09 0.1 1
395.13 0.1 1
400.98 0.1 1
402.95 0.1 1
410.87 0.1 1
412.93 0.1 1
414.99 0.1 1
424.72 0.1 1
426.89 0.1 1
438.73 0.1 1
440.73 0.1 1
442.69 0.1 1
446.58 0.1 1
448.7 0.1 1
458.48 0.1 1
462.44 0.1 1
466.54 0.1 1
468.47 0.1 1
474.49 0.1 1
480.34 0.1 1
482.36 0.1 1
484.28 0.1 1
486.23 0.1 1
492.26 0.1 1
494.3 0.1 1
496.23 0.1 1
500.23 0.1 1
504.27 0.1 1
