4.18 0.1 1
6.13 0.1 1
10.1 0.1 1
12.2 0.1 1
18.07 0.1 1
20.04 0.1 1
21.95 0.1 1
23.97 0.1 1
25.9 0.1 1
33.92 0.1 1
35.86 0.1 1
37.88 0.1 1
41.93 0.1 1
45.74 0.1 1
47.86 0.1 1
49.85 0.1 1
51.75 0.1 1
57.7 0.1 1
67.62 0.1 1
69.7 0.1 1
71.72 0.1 1
73.67 0.1 1
77.67 0.1 1
79.52 0.1 1
81.66 0.1 1
85.58 0.1 1
87.61 0.1 1
89.48 0.1 1
91.43 0.1 1
95.41 0.1 1
107.37 0.1 1
121.32 0.1 1
125.24 0.1 1
127.26 0.1 1
131.18 0.1 1
133.19 0.1 1
135.06 0.1 1
137.09 0.1 1
139.15 0.1 1
144.96 0.1 1
146.95 0.1 1
151.03 0.1 1
152.98 0.1 1
155.03 0.1 1
162.77 0.1 1
166.74 0.1 1
168.76 0.1 1
170.74 0.1 1
172.89 0.1 1
176.83 0.1 1
182.66 0.1 1
184.66 0.1 1
190.53 0.1 1
194.65 0.1 1
198.52 0.1 1
202.49 0.1 1
208.55 0.1 1
214.39 0.1 1
218.39 0.1 1
224.44 0.1 1
228.38 0.1 1
238.23 0.1 1
244.22 0.1 1
246.17 0.1 1
250.07 0.1 1
258 0.1 1
260.07 0.1 1
261.99 0.1 1
263.96 0.1 1
265.93 0.1 1
270.03 0.1 1
273.86 0.1 1
275.94 0.1 1
279.9 0.1 1
285.71 0.1 1
289.82 0.1 1
295.72 0.1 1
297.77 0.1 1
299.64 0.1 1
301.61 0.1 1
303.62 0.1 1
305.61 0.1 1
307.64 0.1 1
309.56 0.1 1
325.4 0.1 1
327.5 0.1 1
331.51 0.1 1
333.48 0.1 1
337.45 0.1 1
341.42 0.1 1
349.2 0.1 1
355.21 0.1 1
359.24 0.1 1
361.14 0.1 1
363.28 0.1 1
365.11 0.1 1
371.06 0.1 1
375.1 0.1 1
377.05 0.1 1
384.92 0.1 1
392.92 0.1 1
394.86 0.1 1
400.87 0.1 1
402.79 0.1 1
410.84 0.1 1
412.76 0.1 1
414.68 0.1 1
424.65 0.1 1
426.58 0.1 1
438.69 0.1 1
440.5 0.1 1
442.66 0.1 1
446.61 0.1 1
448.44 0.1 1
458.44 0.1 1
462.41 0.1 1
466.35 0.1 1
468.35 0.1 1
474.23 0.1 1
480.32 0.1 1
482.32 0.1 1
484.19 0.1 1
486.12 0.1 1
492.12 0.1 1
494.24 0.1 1
496.21 0.1 1
500.14 0.1 1
504.01 0.1 1
