4.18 0.1 1
6.07 0.1 1
10.17 0.1 1
12.19 0.1 1
18.14 0.1 1
19.95 0.1 1
22.07 0.1 1
24.02 0.1 1
26.07 0.1 1
33.89 0.1 1
35.84 0.1 1
38.01 0.1 1
41.95 0.1 1
45.83 0.1 1
47.93 0.1 1
49.77 0.1 1
51.77 0.1 1
57.75 0.1 1
67.71 0.1 1
69.61 0.1 1
71.62 0.1 1
73.56 0.1 1
77.56 0.1 1
79.64 0.1 1
81.61 0.1 1
85.58 0.1 1
87.58 0.1 1
89.4 0.1 1
91.5 0.1 1
95.42 0.1 1
107.32 0.1 1
121.13 0.1 1
125.13 0.1 1
127.18 0.1 1
131.06 0.1 1
133.23 0.1 1
135.16 0.1 1
137.08 0.1 1
139.15 0.1 1
145.12 0.1 1
147.12 0.1 1
151.07 0.1 1
152.95 0.1 1
155.02 0.1 1
162.86 0.1 1
166.86 0.1 1
168.78 0.1 1
170.91 0.1 1
172.91 0.1 1
176.7 0.1 1
182.66 0.1 1
184.77 0.1 1
190.75 0.1 1
194.74 0.1 1
198.6 0.1 1
202.52 0.1 1
208.51 0.1 1
214.49 0.1 1
218.46 0.1 1
224.45 0.1 1
228.35 0.1 1
238.19 0.1 1
244.29 0.1 1
246.22 0.1 1
250.17 0.1 1
258.03 0.1 1
260.01 0.1 1
262.08 0.1 1
264.03 0.1 1
266 0.1 1
270 0.1 1
274.06 0.1 1
276 0.1 1
279.85 0.1 1
285.99 0.1 1
289.82 0.1 1
295.74 0.1 1
297.89 0.1 1
299.89 0.1 1
301.74 0.1 1
303.71 0.1 1
305.69 0.1 1
307.78 0.1 1
309.69 0.1 1
325.5 0.1 1
327.6 0.1 1
331.49 0.1 1
333.52 0.1 1
337.54 0.1 1
341.54 0.1 1
349.43 0.1 1
355.41 0.1 1
359.33 0.1 1
361.35 0.1 1
363.33 0.1 1
365.22 0.1 1
371.25 0.1 1
375.27 0.1 1
377.2 0.1 1
385.11 0.1 1
392.94 0.1 1
394.99 0.1 1
401.01 0.1 1
402.85 0.1 1
410.8 0.1 1
412.92 0.1 1
414.87 0.1 1
424.72 0.1 1
426.74 0.1 1
438.63 0.1 1
440.69 0.1 1
442.71 0.1 1
446.5 0.1 1
448.6 0.1 1
458.48 0.1 1
462.5 0.1 1
466.37 0.1 1
468.37 0.1 1
474.31 0.1 1
480.27 0.1 1
482.34 0.1 1
484.19 0.1 1
486.18 0.1 1
492.28 0.1 1
494.23 0.1 1
496.18 0.1 1
500.1 0.1 1
504.05 0.1 1
