4.27 0.1 1
6.17 0.1 1
10.12 0.1 1
12.22 0.1 1
18.18 0.1 1
20.08 0.1 1
22.14 0.1 1
24.13 0.1 1
26.11 0.1 1
34 0.1 1
35.92 0.1 1
37.97 0.1 1
41.99 0.1 1
45.95 0.1 1
47.74 0.1 1
49.82 0.1 1
51.74 0.1 1
57.76 0.1 1
67.64 0.1 1
69.6 0.1 1
71.75 0.1 1
73.7 0.1 1
77.65 0.1 1
79.55 0.1 1
81.58 0.1 1
85.58 0.1 1
87.55 0.1 1
89.57 0.1 1
91.55 0.1 1
95.54 0.1 1
107.34 0.1 1
121.3 0.1 1
125.27 0.1 1
127.13 0.1 1
131.13 0.1 1
133.17 0.1 1
135.1 0.1 1
137.2 0.1 1
139.09 0.1 1
145.14 0.1 1
147.09 0.1 1
150.94 0.1 1
152.89 0.1 1
155.01 0.1 1
162.85 0.1 1
166.81 0.1 1
168.83 0.1 1
170.8 0.1 1
172.75 0.1 1
176.72 0.1 1
182.77 0.1 1
184.75 0.1 1
190.74 0.1 1
194.57 0.1 1
198.66 0.1 1
202.66 0.1 1
208.5 0.1 1
214.55 0.1 1
218.37 0.1 1
224.34 0.1 1
228.27 0.1 1
238.37 0.1 1
244.23 0.1 1
246.13 0.1 1
250.09 0.1 1
258.06 0.1 1
260.1 0.1 1
262.07 0.1 1
264.17 0.1 1
265.98 0.1 1
270.07 0.1 1
274.07 0.1 1
275.87 0.1 1
279.99 0.1 1
285.94 0.1 1
289.84 0.1 1
295.88 0.1 1
297.8 0.1 1
299.73 0.1 1
301.73 0.1 1
303.71 0.1 1
305.78 0.1 1
307.68 0.1 1
309.65 0.1 1
325.51 0.1 1
327.51 0.1 1
331.54 0.1 1
333.54 0.1 1
337.56 0.1 1
341.46 0.1 1
349.3 0.1 1
355.32 0.1 1
359.29 0.1 1
361.24 0.1 1
363.19 0.1 1
365.15 0.1 1
371.11 0.1 1
375.21 0.1 1
377.06 0.1 1
385.13 0.1 1
392.98 0.1 1
395.01 0.1 1
401 0.1 1
402.97 0.1 1
410.9 0.1 1
412.82 0.1 1
414.82 0.1 1
424.71 0.1 1
426.69 0.1 1
438.56 0.1 1
440.56 0.1 1
442.67 0.1 1
446.58 0.1 1
448.48 0.1 1
458.59 0.1 1
462.47 0.1 1
466.54 0.1 1
468.41 0.1 1
474.34 0.1 1
480.41 0.1 1
482.31 0.1 1
484.26 0.1 1
486.3 0.1 1
492.2 0.1 1
494.13 0.1 1
496.24 0.1 1
500.09 0.1 1
504.14 0.1 1
