4.27 0.1 1
6.24 0.1 1
10.24 0.1 1
12.03 0.1 1
18.09 0.1 1
20.11 0.1 1
22 0.1 1
24.11 0.1 1
26 0.1 1
34 0.1 1
35.87 0.1 1
37.83 0.1 1
41.97 0.1 1
45.75 0.1 1
47.89 0.1 1
49.89 0.1 1
51.76 0.1 1
57.86 0.1 1
67.66 0.1 1
69.61 0.1 1
71.55 0.1 1
73.53 0.1 1
77.56 0.1 1
79.6 0.1 1
81.5 0.1 1
85.55 0.1 1
87.54 0.1 1
89.4 0.1 1
91.42 0.1 1
95.5 0.1 1
107.29 0.1 1
121.23 0.1 1
125.28 0.1 1
127.17 0.1 1
131.07 0.1 1
133.2 0.1 1
135.24 0.1 1
137.2 0.1 1
139.2 0.1 1
145.11 0.1 1
147.07 0.1 1
150.94 0.1 1
152.96 0.1 1
154.91 0.1 1
162.95 0.1 1
166.95 0.1 1
168.88 0.1 1
170.95 0.1 1
172.82 0.1 1
176.9 0.1 1
182.67 0.1 1
184.84 0.1 1
190.74 0.1 1
194.59 0.1 1
198.69 0.1 1
202.54 0.1 1
208.46 0.1 1
214.58 0.1 1
218.55 0.1 1
224.37 0.1 1
228.3 0.1 1
238.21 0.1 1
244.21 0.1 1
246.21 0.1 1
250.19 0.1 1
258.2 0.1 1
260.1 0.1 1
262.18 0.1 1
264 0.1 1
266.03 0.1 1
270.07 0.1 1
273.97 0.1 1
276 0.1 1
280.06 0.1 1
285.99 0.1 1
289.91 0.1 1
295.76 0.1 1
297.76 0.1 1
299.88 0.1 1
301.68 0.1 1
303.81 0.1 1
305.78 0.1 1
307.83 0.1 1
309.78 0.1 1
325.57 0.1 1
327.52 0.1 1
331.49 0.1 1
333.52 0.1 1
337.44 0.1 1
341.38 0.1 1
349.33 0.1 1
355.28 0.1 1
359.25 0.1 1
361.23 0.1 1
363.32 0.1 1
365.19 0.1 1
371.2 0.1 1
375.14 0.1 1
377.09 0.1 1
385.21 0.1 1
393.01 0.1 1
394.93 0.1 1
400.93 0.1 1
402.93 0.1 1
410.87 0.1 1
412.9 0.1 1
414.9 0.1 1
424.86 0.1 1
426.86 0.1 1
438.75 0.1 1
440.65 0.1 1
442.66 0.1 1
446.55 0.1 1
448.67 0.1 1
458.54 0.1 1
462.55 0.1 1
466.49 0.1 1
468.44 0.1 1
474.46 0.1 1
480.31 0.1 1
482.34 0.1 1
484.26 0.1 1
486.25 0.1 1
492.23 0.1 1
494.13 0.1 1
496.27 0.1 1
500.1 0.1 1
504.24 0.1 1
