4.08 0.1 1
6.25 0.1 1
10.2 0.1 1
12.11 0.1 1
18.1 0.1 1
19.97 0.1 1
22.02 0.1 1
24.05 0.1 1
25.93 0.1 1
34.01 0.1 1
36.01 0.1 1
38.01 0.1 1
41.81 0.1 1
45.83 0.1 1
47.76 0.1 1
49.88 0.1 1
51.9 0.1 1
57.71 0.1 1
67.73 0.1 1
69.62 0.1 1
71.53 0.1 1
73.72 0.1 1
77.52 0.1 1
79.54 0.1 1
81.56 0.1 1
85.44 0.1 1
87.44 0.1 1
89.41 0.1 1
91.39 0.1 1
95.34 0.1 1
107.45 0.1 1
121.24 0.1 1
125.19 0.1 1
127.27 0.1 1
131.24 0.1 1
133.12 0.1 1
135.11 0.1 1
137.11 0.1 1
139.18 0.1 1
145.08 0.1 1
146.95 0.1 1
150.88 0.1 1
152.93 0.1 1
154.93 0.1 1
162.95 0.1 1
166.79 0.1 1
168.94 0.1 1
170.75 0.1 1
172.74 0.1 1
176.69 0.1 1
182.63 0.1 1
184.63 0.1 1
190.66 0.1 1
194.61 0.1 1
198.66 0.1 1
202.62 0.1 1
208.5 0.1 1
214.45 0.1 1
218.37 0.1 1
224.37 0.1 1
228.33 0.1 1
238.33 0.1 1
244.12 0.1 1
246.16 0.1 1
250.27 0.1 1
258.17 0.1 1
260.02 0.1 1
262.15 0.1 1
264.06 0.1 1
266.07 0.1 1
270.06 0.1 1
273.94 0.1 1
276.01 0.1 1
279.91 0.1 1
285.95 0.1 1
289.76 0.1 1
295.83 0.1 1
297.8 0.1 1
299.82 0.1 1
301.85 0.1 1
303.67 0.1 1
305.67 0.1 1
307.65 0.1 1
309.59 0.1 1
325.61 0.1 1
327.5 0.1 1
331.6 0.1 1
333.46 0.1 1
337.4 0.1 1
341.38 0.1 1
349.4 0.1 1
355.22 0.1 1
359.21 0.1 1
361.37 0.1 1
363.36 0.1 1
365.31 0.1 1
371.21 0.1 1
375.16 0.1 1
377.21 0.1 1
385 0.1 1
392.92 0.1 1
395.07 0.1 1
400.97 0.1 1
402.99 0.1 1
410.81 0.1 1
412.81 0.1 1
414.88 0.1 1
424.66 0.1 1
426.85 0.1 1
438.72 0.1 1
440.62 0.1 1
442.57 0.1 1
446.67 0.1 1
448.47 0.1 1
458.51 0.1 1
462.44 0.1 1
466.33 0.1 1
468.51 0.1 1
474.35 0.1 1
480.3 0.1 1
482.38 0.1 1
484.3 0.1 1
486.34 0.1 1
492.32 0.1 1
494.16 0.1 1
496.21 0.1 1
500.07 0.1 1
504.18 0.1 1
