4.16 0.1 1
6.26 0.1 1
10.13 0.1 1
12.11 0.1 1
18 0.1 1
20.13 0.1 1
22.03 0.1 1
24.08 0.1 1
25.93 0.1 1
33.9 0.1 1
36.02 0.1 1
37.85 0.1 1
41.82 0.1 1
45.89 0.1 1
47.93 0.1 1
49.83 0.1 1
51.81 0.1 1
57.66 0.1 1
67.78 0.1 1
69.77 0.1 1
71.67 0.1 1
73.7 0.1 1
77.64 0.1 1
79.59 0.1 1
81.67 0.1 1
85.64 0.1 1
87.54 0.1 1
89.59 0.1 1
91.58 0.1 1
95.48 0.1 1
107.33 0.1 1
121.24 0.1 1
125.2 0.1 1
127.27 0.1 1
131.19 0.1 1
133.26 0.1 1
135.16 0.1 1
137.21 0.1 1
139.01 0.1 1
144.98 0.1 1
147.13 0.1 1
151.03 0.1 1
152.9 0.1 1
154.91 0.1 1
163 0.1 1
166.95 0.1 1
168.89 0.1 1
170.92 0.1 1
172.75 0.1 1
176.81 0.1 1
182.66 0.1 1
184.83 0.1 1
190.71 0.1 1
194.75 0.1 1
198.66 0.1 1
202.5 0.1 1
208.44 0.1 1
214.5 0.1 1
218.34 0.1 1
224.42 0.1 1
228.36 0.1 1
238.36 0.1 1
244.13 0.1 1
246.28 0.1 1
250.1 0.1 1
258.14 0.1 1
260.15 0.1 1
262.15 0.1 1
263.95 0.1 1
266.02 0.1 1
269.99 0.1 1
273.89 0.1 1
275.93 0.1 1
279.91 0.1 1
285.8 0.1 1
289.76 0.1 1
295.7 0.1 1
297.87 0.1 1
299.77 0.1 1
301.84 0.1 1
303.79 0.1 1
305.65 0.1 1
307.81 0.1 1
309.64 0.1 1
325.53 0.1 1
327.64 0.1 1
331.55 0.1 1
333.43 0.1 1
337.4 0.1 1
341.47 0.1 1
349.47 0.1 1
355.26 0.1 1
359.31 0.1 1
361.21 0.1 1
363.24 0.1 1
365.34 0.1 1
371.14 0.1 1
375.25 0.1 1
377.25 0.1 1
385.15 0.1 1
393.1 0.1 1
395.07 0.1 1
400.94 0.1 1
402.92 0.1 1
410.93 0.1 1
412.76 0.1 1
414.89 0.1 1
424.8 0.1 1
426.8 0.1 1
438.65 0.1 1
440.6 0.1 1
442.7 0.1 1
446.67 0.1 1
448.67 0.1 1
458.46 0.1 1
462.36 0.1 1
466.45 0.1 1
468.45 0.1 1
474.47 0.1 1
480.42 0.1 1
482.25 0.1 1
484.39 0.1 1
486.2 0.1 1
492.29 0.1 1
494.24 0.1 1
496.16 0.1 1
500.12 0.1 1
504.18 0.1 1
