4.28 0.1 1
6.22 0.1 1
10.24 0.1 1
12.2 0.1 1
18.02 0.1 1
20.09 0.1 1
22.12 0.1 1
24.06 0.1 1
26.02 0.1 1
33.94 0.1 1
35.98 0.1 1
37.86 0.1 1
41.91 0.1 1
45.91 0.1 1
47.83 0.1 1
49.73 0.1 1
51.82 0.1 1
57.74 0.1 1
67.71 0.1 1
69.66 0.1 1
71.66 0.1 1
73.72 0.1 1
77.69 0.1 1
79.49 0.1 1
81.61 0.1 1
85.5 0.1 1
87.55 0.1 1
89.4 0.1 1
91.52 0.1 1
95.5 0.1 1
107.27 0.1 1
121.29 0.1 1
125.28 0.1 1
127.11 0.1 1
131.16 0.1 1
133.08 0.1 1
135.15 0.1 1
137.08 0.1 1
139 0.1 1
145.1 0.1 1
147.12 0.1 1
151.02 0.1 1
152.89 0.1 1
154.85 0.1 1
162.91 0.1 1
166.96 0.1 1
168.93 0.1 1
170.86 0.1 1
172.78 0.1 1
176.71 0.1 1
182.71 0.1 1
184.63 0.1 1
190.68 0.1 1
194.74 0.1 1
198.55 0.1 1
202.66 0.1 1
208.54 0.1 1
214.49 0.1 1
218.46 0.1 1
224.4 0.1 1
228.3 0.1 1
238.33 0.1 1
244.2 0.1 1
246.2 0.1 1
250.19 0.1 1
258.09 0.1 1
260.07 0.1 1
262.18 0.1 1
264.08 0.1 1
265.96 0.1 1
270.03 0.1 1
274.1 0.1 1
275.96 0.1 1
279.87 0.1 1
285.95 0.1 1
289.84 0.1 1
295.74 0.1 1
297.89 0.1 1
299.79 0.1 1
301.74 0.1 1
303.67 0.1 1
305.66 0.1 1
307.73 0.1 1
309.71 0.1 1
325.48 0.1 1
327.57 0.1 1
331.45 0.1 1
333.6 0.1 1
337.42 0.1 1
341.45 0.1 1
349.29 0.1 1
355.31 0.1 1
359.29 0.1 1
361.38 0.1 1
363.18 0.1 1
365.25 0.1 1
371.17 0.1 1
375.18 0.1 1
377.18 0.1 1
385.1 0.1 1
392.92 0.1 1
395.01 0.1 1
400.86 0.1 1
402.96 0.1 1
410.98 0.1 1
412.76 0.1 1
414.83 0.1 1
424.83 0.1 1
426.85 0.1 1
438.56 0.1 1
440.61 0.1 1
442.66 0.1 1
446.51 0.1 1
448.61 0.1 1
458.48 0.1 1
462.56 0.1 1
466.48 0.1 1
468.48 0.1 1
474.3 0.1 1
480.32 0.1 1
482.27 0.1 1
484.39 0.1 1
486.26 0.1 1
492.32 0.1 1
494.29 0.1 1
496.28 0.1 1
500.26 0.1 1
504.15 0.1 1
