4.25 0.1 1
6.27 0.1 1
10.21 0.1 1
12.02 0.1 1
18.16 0.1 1
20.04 0.1 1
22.03 0.1 1
24.08 0.1 1
26.11 0.1 1
33.98 0.1 1
35.83 0.1 1
37.85 0.1 1
41.82 0.1 1
45.87 0.1 1
47.75 0.1 1
49.89 0.1 1
51.89 0.1 1
57.76 0.1 1
67.58 0.1 1
69.68 0.1 1
71.56 0.1 1
73.58 0.1 1
77.68 0.1 1
79.6 0.1 1
81.55 0.1 1
85.62 0.1 1
87.5 0.1 1
89.48 0.1 1
91.55 0.1 1
95.49 0.1 1
107.44 0.1 1
121.16 0.1 1
125.21 0.1 1
127.11 0.1 1
131.18 0.1 1
133.22 0.1 1
135.17 0.1 1
137.07 0.1 1
139.12 0.1 1
145.04 0.1 1
146.96 0.1 1
150.89 0.1 1
152.96 0.1 1
155.01 0.1 1
162.91 0.1 1
166.91 0.1 1
168.75 0.1 1
170.88 0.1 1
172.81 0.1 1
176.82 0.1 1
182.78 0.1 1
184.64 0.1 1
190.57 0.1 1
194.61 0.1 1
198.56 0.1 1
202.61 0.1 1
208.56 0.1 1
214.45 0.1 1
218.5 0.1 1
224.4 0.1 1
228.35 0.1 1
238.37 0.1 1
244.24 0.1 1
246.11 0.1 1
250.28 0.1 1
258.21 0.1 1
260.01 0.1 1
262 0.1 1
264.01 0.1 1
266.15 0.1 1
269.93 0.1 1
274.07 0.1 1
275.87 0.1 1
280 0.1 1
285.94 0.1 1
289.79 0.1 1
295.78 0.1 1
297.71 0.1 1
299.73 0.1 1
301.78 0.1 1
303.81 0.1 1
305.76 0.1 1
307.63 0.1 1
309.67 0.1 1
325.54 0.1 1
327.49 0.1 1
331.54 0.1 1
333.57 0.1 1
337.36 0.1 1
341.46 0.1 1
349.3 0.1 1
355.4 0.1 1
359.22 0.1 1
361.35 0.1 1
363.29 0.1 1
365.15 0.1 1
371.22 0.1 1
375.07 0.1 1
377.17 0.1 1
385.11 0.1 1
392.93 0.1 1
395.1 0.1 1
401.01 0.1 1
402.98 0.1 1
410.89 0.1 1
412.85 0.1 1
414.75 0.1 1
424.86 0.1 1
426.81 0.1 1
438.68 0.1 1
440.63 0.1 1
442.6 0.1 1
446.5 0.1 1
448.62 0.1 1
458.4 0.1 1
462.47 0.1 1
466.52 0.1 1
468.39 0.1 1
474.33 0.1 1
480.38 0.1 1
482.25 0.1 1
484.36 0.1 1
486.33 0.1 1
492.28 0.1 1
494.3 0.1 1
496.27 0.1 1
500.2 0.1 1
504.09 0.1 1
