4.13 0.1 1
6.15 0.1 1
10.08 0.1 1
12.02 0.1 1
18.05 0.1 1
20.04 0.1 1
22.07 0.1 1
23.97 0.1 1
25.95 0.1 1
33.97 0.1 1
35.83 0.1 1
37.89 0.1 1
41.96 0.1 1
45.88 0.1 1
47.91 0.1 1
49.71 0.1 1
51.81 0.1 1
57.83 0.1 1
67.59 0.1 1
69.67 0.1 1
71.55 0.1 1
73.57 0.1 1
77.69 0.1 1
79.62 0.1 1
81.49 0.1 1
85.51 0.1 1
87.56 0.1 1
89.44 0.1 1
91.43 0.1 1
95.48 0.1 1
107.35 0.1 1
121.22 0.1 1
125.26 0.1 1
127.12 0.1 1
131.18 0.1 1
133.21 0.1 1
135.08 0.1 1
137.13 0.1 1
139.08 0.1 1
145.03 0.1 1
147.12 0.1 1
151.05 0.1 1
153.08 0.1 1
155.02 0.1 1
162.81 0.1 1
166.77 0.1 1
168.76 0.1 1
170.92 0.1 1
172.84 0.1 1
176.76 0.1 1
182.84 0.1 1
184.78 0.1 1
190.66 0.1 1
194.73 0.1 1
198.67 0.1 1
202.64 0.1 1
208.47 0.1 1
214.56 0.1 1
218.41 0.1 1
224.41 0.1 1
228.36 0.1 1
238.28 0.1 1
244.22 0.1 1
246.19 0.1 1
250.17 0.1 1
258.09 0.1 1
260.07 0.1 1
262.21 0.1 1
263.99 0.1 1
266.04 0.1 1
269.94 0.1 1
273.96 0.1 1
275.96 0.1 1
279.91 0.1 1
285.88 0.1 1
289.95 0.1 1
295.9 0.1 1
297.92 0.1 1
299.84 0.1 1
301.89 0.1 1
303.87 0.1 1
305.77 0.1 1
307.73 0.1 1
309.76 0.1 1
325.68 0.1 1
327.48 0.1 1
331.47 0.1 1
333.52 0.1 1
337.45 0.1 1
341.5 0.1 1
349.39 0.1 1
355.36 0.1 1
359.24 0.1 1
361.39 0.1 1
363.33 0.1 1
365.35 0.1 1
371.17 0.1 1
375.2 0.1 1
377.15 0.1 1
385.07 0.1 1
393.06 0.1 1
394.94 0.1 1
400.94 0.1 1
402.98 0.1 1
410.98 0.1 1
412.96 0.1 1
414.93 0.1 1
424.75 0.1 1
426.79 0.1 1
438.64 0.1 1
440.62 0.1 1
442.61 0.1 1
446.54 0.1 1
448.63 0.1 1
458.53 0.1 1
462.51 0.1 1
466.53 0.1 1
468.4 0.1 1
474.42 0.1 1
480.25 0.1 1
482.36 0.1 1
484.32 0.1 1
486.41 0.1 1
492.18 0.1 1
494.24 0.1 1
496.26 0.1 1
500.3 0.1 1
504.06 0.1 1
