4.18 0.1 1
6.22 0.1 1
10.1 0.1 1
12.02 0.1 1
17.97 0.1 1
19.97 0.1 1
22.01 0.1 1
24.09 0.1 1
25.98 0.1 1
33.98 0.1 1
36.03 0.1 1
37.93 0.1 1
41.92 0.1 1
45.87 0.1 1
47.73 0.1 1
49.75 0.1 1
51.79 0.1 1
57.67 0.1 1
67.71 0.1 1
69.73 0.1 1
71.74 0.1 1
73.58 0.1 1
77.7 0.1 1
79.6 0.1 1
81.6 0.1 1
85.6 0.1 1
87.53 0.1 1
89.48 0.1 1
91.43 0.1 1
95.4 0.1 1
107.31 0.1 1
121.18 0.1 1
125.16 0.1 1
127.15 0.1 1
131.18 0.1 1
133.07 0.1 1
135.07 0.1 1
137.22 0.1 1
139.1 0.1 1
145.1 0.1 1
146.99 0.1 1
151.06 0.1 1
152.99 0.1 1
154.96 0.1 1
162.81 0.1 1
166.96 0.1 1
168.9 0.1 1
170.95 0.1 1
172.78 0.1 1
176.78 0.1 1
182.8 0.1 1
184.64 0.1 1
190.59 0.1 1
194.67 0.1 1
198.62 0.1 1
202.68 0.1 1
208.51 0.1 1
214.41 0.1 1
218.35 0.1 1
224.37 0.1 1
228.47 0.1 1
238.22 0.1 1
244.31 0.1 1
246.31 0.1 1
250.21 0.1 1
258.13 0.1 1
260.01 0.1 1
262.17 0.1 1
264.03 0.1 1
266.03 0.1 1
270 0.1 1
273.99 0.1 1
275.95 0.1 1
279.92 0.1 1
286.01 0.1 1
289.79 0.1 1
295.84 0.1 1
297.86 0.1 1
299.9 0.1 1
301.76 0.1 1
303.66 0.1 1
305.73 0.1 1
307.83 0.1 1
309.73 0.1 1
325.64 0.1 1
327.62 0.1 1
331.64 0.1 1
333.46 0.1 1
337.41 0.1 1
341.41 0.1 1
349.38 0.1 1
355.28 0.1 1
359.37 0.1 1
361.37 0.1 1
363.29 0.1 1
365.17 0.1 1
371.19 0.1 1
375.24 0.1 1
377.19 0.1 1
385.16 0.1 1
393.08 0.1 1
394.98 0.1 1
400.98 0.1 1
402.92 0.1 1
410.9 0.1 1
412.9 0.1 1
414.84 0.1 1
424.74 0.1 1
426.79 0.1 1
438.58 0.1 1
440.7 0.1 1
442.67 0.1 1
446.7 0.1 1
448.53 0.1 1
458.42 0.1 1
462.51 0.1 1
466.41 0.1 1
468.39 0.1 1
474.29 0.1 1
480.4 0.1 1
482.36 0.1 1
484.3 0.1 1
486.2 0.1 1
492.33 0.1 1
494.29 0.1 1
496.25 0.1 1
500.1 0.1 1
504.15 0.1 1
