4.19 0.1 1
6.12 0.1 1
10.04 0.1 1
12.04 0.1 1
18.06 0.1 1
20.02 0.1 1
22.03 0.1 1
24.11 0.1 1
26.04 0.1 1
33.9 0.1 1
35.91 0.1 1
37.87 0.1 1
41.97 0.1 1
45.8 0.1 1
47.78 0.1 1
49.92 0.1 1
51.89 0.1 1
57.77 0.1 1
67.78 0.1 1
69.58 0.1 1
71.54 0.1 1
73.58 0.1 1
77.51 0.1 1
79.68 0.1 1
81.65 0.1 1
85.48 0.1 1
87.57 0.1 1
89.48 0.1 1
91.52 0.1 1
95.47 0.1 1
107.29 0.1 1
121.21 0.1 1
125.21 0.1 1
127.18 0.1 1
131.12 0.1 1
133.2 0.1 1
135.02 0.1 1
137.02 0.1 1
139.07 0.1 1
144.92 0.1 1
146.94 0.1 1
151.07 0.1 1
152.96 0.1 1
154.87 0.1 1
162.94 0.1 1
166.75 0.1 1
168.71 0.1 1
170.9 0.1 1
172.88 0.1 1
176.67 0.1 1
182.74 0.1 1
184.72 0.1 1
190.7 0.1 1
194.61 0.1 1
198.52 0.1 1
202.46 0.1 1
208.41 0.1 1
214.36 0.1 1
218.38 0.1 1
224.27 0.1 1
228.25 0.1 1
238.17 0.1 1
244.11 0.1 1
246.26 0.1 1
250.14 0.1 1
258.18 0.1 1
260.06 0.1 1
262.03 0.1 1
264.01 0.1 1
266.08 0.1 1
270.08 0.1 1
273.85 0.1 1
275.99 0.1 1
279.99 0.1 1
285.86 0.1 1
289.86 0.1 1
295.69 0.1 1
297.78 0.1 1
299.73 0.1 1
301.69 0.1 1
303.63 0.1 1
305.66 0.1 1
307.6 0.1 1
309.71 0.1 1
325.59 0.1 1
327.47 0.1 1
331.39 0.1 1
333.49 0.1 1
337.54 0.1 1
341.33 0.1 1
349.28 0.1 1
355.35 0.1 1
359.27 0.1 1
361.22 0.1 1
363.25 0.1 1
365.28 0.1 1
371.22 0.1 1
375.15 0.1 1
377.14 0.1 1
385.06 0.1 1
393.05 0.1 1
395 0.1 1
400.96 0.1 1
402.85 0.1 1
410.85 0.1 1
412.83 0.1 1
414.87 0.1 1
424.77 0.1 1
426.82 0.1 1
438.66 0.1 1
440.63 0.1 1
442.7 0.1 1
446.65 0.1 1
448.6 0.1 1
458.49 0.1 1
462.34 0.1 1
466.5 0.1 1
468.42 0.1 1
474.41 0.1 1
480.28 0.1 1
482.28 0.1 1
484.24 0.1 1
486.33 0.1 1
492.28 0.1 1
494.28 0.1 1
496.17 0.1 1
500.03 0.1 1
504.12 0.1 1
