4.21 0.1 1
6.11 0.1 1
10.16 0.1 1
12.18 0.1 1
18.01 0.1 1
20.16 0.1 1
22.03 0.1 1
24.13 0.1 1
25.95 0.1 1
33.93 0.1 1
35.88 0.1 1
37.95 0.1 1
41.95 0.1 1
45.91 0.1 1
47.89 0.1 1
49.87 0.1 1
51.84 0.1 1
57.76 0.1 1
67.58 0.1 1
69.7 0.1 1
71.56 0.1 1
73.73 0.1 1
77.5 0.1 1
79.6 0.1 1
81.6 0.1 1
85.52 0.1 1
87.42 0.1 1
89.5 0.1 1
91.42 0.1 1
95.37 0.1 1
107.31 0.1 1
121.2 0.1 1
125.14 0.1 1
127.27 0.1 1
131.05 0.1 1
133.07 0.1 1
135.11 0.1 1
137.21 0.1 1
139.04 0.1 1
145.14 0.1 1
146.99 0.1 1
151.03 0.1 1
153.08 0.1 1
155.05 0.1 1
163 0.1 1
166.84 0.1 1
168.77 0.1 1
170.9 0.1 1
172.77 0.1 1
176.69 0.1 1
182.69 0.1 1
184.62 0.1 1
190.68 0.1 1
194.69 0.1 1
198.55 0.1 1
202.62 0.1 1
208.43 0.1 1
214.49 0.1 1
218.34 0.1 1
224.31 0.1 1
228.41 0.1 1
238.15 0.1 1
244.26 0.1 1
246.15 0.1 1
250.17 0.1 1
258 0.1 1
260.09 0.1 1
262.15 0.1 1
264 0.1 1
266.02 0.1 1
269.97 0.1 1
273.89 0.1 1
275.96 0.1 1
280 0.1 1
285.78 0.1 1
289.78 0.1 1
295.68 0.1 1
297.77 0.1 1
299.7 0.1 1
301.84 0.1 1
303.67 0.1 1
305.62 0.1 1
307.67 0.1 1
309.69 0.1 1
325.58 0.1 1
327.58 0.1 1
331.41 0.1 1
333.5 0.1 1
337.45 0.1 1
341.33 0.1 1
349.27 0.1 1
355.29 0.1 1
359.32 0.1 1
361.33 0.1 1
363.16 0.1 1
365.13 0.1 1
371.05 0.1 1
375.06 0.1 1
377.13 0.1 1
385 0.1 1
392.89 0.1 1
395.02 0.1 1
400.82 0.1 1
402.86 0.1 1
410.71 0.1 1
412.78 0.1 1
414.78 0.1 1
424.72 0.1 1
426.78 0.1 1
438.69 0.1 1
440.49 0.1 1
442.66 0.1 1
446.46 0.1 1
448.41 0.1 1
458.48 0.1 1
462.4 0.1 1
466.3 0.1 1
468.3 0.1 1
474.35 0.1 1
480.25 0.1 1
482.27 0.1 1
484.14 0.1 1
486.26 0.1 1
492.18 0.1 1
494.19 0.1 1
496.16 0.1 1
500.11 0.1 1
504.03 0.1 1
