4.19 0.1 1
6.18 0.1 1
10.14 0.1 1
12.06 0.1 1
18.11 0.1 1
20.16 0.1 1
21.96 0.1 1
24.05 0.1 1
26.03 0.1 1
33.85 0.1 1
35.85 0.1 1
38.02 0.1 1
41.8 0.1 1
45.92 0.1 1
47.92 0.1 1
49.84 0.1 1
51.86 0.1 1
57.76 0.1 1
67.78 0.1 1
69.68 0.1 1
71.62 0.1 1
73.72 0.1 1
77.62 0.1 1
79.52 0.1 1
81.59 0.1 1
85.44 0.1 1
87.61 0.1 1
89.44 0.1 1
91.42 0.1 1
95.42 0.1 1
107.33 0.1 1
121.33 0.1 1
125.27 0.1 1
127.27 0.1 1
131.1 0.1 1
133.19 0.1 1
135.07 0.1 1
137.04 0.1 1
139.11 0.1 1
145.09 0.1 1
147.14 0.1 1
150.98 0.1 1
153.06 0.1 1
155.05 0.1 1
162.87 0.1 1
166.94 0.1 1
168.8 0.1 1
170.79 0.1 1
172.85 0.1 1
176.77 0.1 1
182.81 0.1 1
184.72 0.1 1
190.58 0.1 1
194.63 0.1 1
198.53 0.1 1
202.56 0.1 1
208.58 0.1 1
214.47 0.1 1
218.47 0.1 1
224.42 0.1 1
228.42 0.1 1
238.24 0.1 1
244.3 0.1 1
246.26 0.1 1
250.16 0.1 1
258.07 0.1 1
260.19 0.1 1
262.05 0.1 1
264.15 0.1 1
266.04 0.1 1
270.01 0.1 1
274.01 0.1 1
275.91 0.1 1
279.98 0.1 1
286.01 0.1 1
289.91 0.1 1
295.93 0.1 1
297.77 0.1 1
299.87 0.1 1
301.88 0.1 1
303.74 0.1 1
305.74 0.1 1
307.67 0.1 1
309.67 0.1 1
325.68 0.1 1
327.66 0.1 1
331.6 0.1 1
333.43 0.1 1
337.45 0.1 1
341.53 0.1 1
349.3 0.1 1
355.32 0.1 1
359.42 0.1 1
361.34 0.1 1
363.27 0.1 1
365.36 0.1 1
371.23 0.1 1
375.14 0.1 1
377.11 0.1 1
385.1 0.1 1
393.12 0.1 1
395.05 0.1 1
400.95 0.1 1
403.07 0.1 1
410.91 0.1 1
412.93 0.1 1
414.89 0.1 1
424.83 0.1 1
426.68 0.1 1
438.7 0.1 1
440.58 0.1 1
442.57 0.1 1
446.59 0.1 1
448.61 0.1 1
458.44 0.1 1
462.59 0.1 1
466.44 0.1 1
468.4 0.1 1
474.33 0.1 1
480.35 0.1 1
482.38 0.1 1
484.38 0.1 1
486.33 0.1 1
492.25 0.1 1
494.31 0.1 1
496.12 0.1 1
500.12 0.1 1
504.18 0.1 1
