4.25 0.1 1
6.21 0.1 1
10.2 0.1 1
12.13 0.1 1
18.07 0.1 1
20.12 0.1 1
22 0.1 1
24.11 0.1 1
26.11 0.1 1
33.94 0.1 1
35.88 0.1 1
37.86 0.1 1
41.96 0.1 1
45.91 0.1 1
47.83 0.1 1
49.8 0.1 1
51.73 0.1 1
57.8 0.1 1
67.74 0.1 1
69.69 0.1 1
71.67 0.1 1
73.52 0.1 1
77.67 0.1 1
79.49 0.1 1
81.59 0.1 1
85.5 0.1 1
87.61 0.1 1
89.58 0.1 1
91.55 0.1 1
95.4 0.1 1
107.25 0.1 1
121.26 0.1 1
125.19 0.1 1
127.16 0.1 1
131.18 0.1 1
133.1 0.1 1
135.05 0.1 1
137.03 0.1 1
139.1 0.1 1
144.95 0.1 1
146.97 0.1 1
151.04 0.1 1
152.99 0.1 1
154.87 0.1 1
162.89 0.1 1
166.88 0.1 1
168.89 0.1 1
170.79 0.1 1
172.84 0.1 1
176.66 0.1 1
182.73 0.1 1
184.68 0.1 1
190.65 0.1 1
194.54 0.1 1
198.55 0.1 1
202.54 0.1 1
208.59 0.1 1
214.41 0.1 1
218.51 0.1 1
224.28 0.1 1
228.38 0.1 1
238.32 0.1 1
244.24 0.1 1
246.16 0.1 1
250.09 0.1 1
258.06 0.1 1
260.04 0.1 1
262.05 0.1 1
264.11 0.1 1
266.03 0.1 1
269.91 0.1 1
273.97 0.1 1
275.85 0.1 1
279.97 0.1 1
285.84 0.1 1
289.84 0.1 1
295.81 0.1 1
297.68 0.1 1
299.64 0.1 1
301.69 0.1 1
303.69 0.1 1
305.76 0.1 1
307.66 0.1 1
309.6 0.1 1
325.49 0.1 1
327.42 0.1 1
331.49 0.1 1
333.39 0.1 1
337.39 0.1 1
341.34 0.1 1
349.28 0.1 1
355.36 0.1 1
359.18 0.1 1
361.23 0.1 1
363.22 0.1 1
365.27 0.1 1
371.14 0.1 1
375.1 0.1 1
377 0.1 1
384.96 0.1 1
392.98 0.1 1
394.85 0.1 1
400.85 0.1 1
402.85 0.1 1
410.8 0.1 1
412.7 0.1 1
414.8 0.1 1
424.62 0.1 1
426.79 0.1 1
438.66 0.1 1
440.56 0.1 1
442.65 0.1 1
446.58 0.1 1
448.51 0.1 1
458.5 0.1 1
462.4 0.1 1
466.39 0.1 1
468.27 0.1 1
474.31 0.1 1
480.16 0.1 1
482.25 0.1 1
484.26 0.1 1
486.21 0.1 1
492.15 0.1 1
494.1 0.1 1
496.1 0.1 1
500.02 0.1 1
504.14 0.1 1
