4.28 0.1 1
6.18 0.1 1
10.2 0.1 1
12.16 0.1 1
18.13 0.1 1
19.98 0.1 1
21.95 0.1 1
24.07 0.1 1
26 0.1 1
33.91 0.1 1
35.91 0.1 1
37.91 0.1 1
41.81 0.1 1
45.78 0.1 1
47.9 0.1 1
49.88 0.1 1
51.7 0.1 1
57.81 0.1 1
67.77 0.1 1
69.7 0.1 1
71.55 0.1 1
73.64 0.1 1
77.64 0.1 1
79.59 0.1 1
81.51 0.1 1
85.54 0.1 1
87.56 0.1 1
89.59 0.1 1
91.39 0.1 1
95.34 0.1 1
107.42 0.1 1
121.19 0.1 1
125.12 0.1 1
127.26 0.1 1
131.06 0.1 1
133.07 0.1 1
135.18 0.1 1
137.08 0.1 1
139.09 0.1 1
144.96 0.1 1
147.11 0.1 1
151.01 0.1 1
152.95 0.1 1
154.9 0.1 1
162.82 0.1 1
166.87 0.1 1
168.82 0.1 1
170.72 0.1 1
172.91 0.1 1
176.71 0.1 1
182.79 0.1 1
184.78 0.1 1
190.6 0.1 1
194.71 0.1 1
198.6 0.1 1
202.62 0.1 1
208.6 0.1 1
214.49 0.1 1
218.44 0.1 1
224.46 0.1 1
228.36 0.1 1
238.23 0.1 1
244.26 0.1 1
246.15 0.1 1
250.13 0.1 1
258.04 0.1 1
260.05 0.1 1
262.12 0.1 1
264.06 0.1 1
266.01 0.1 1
270.09 0.1 1
273.98 0.1 1
275.96 0.1 1
279.83 0.1 1
285.93 0.1 1
289.9 0.1 1
295.75 0.1 1
297.77 0.1 1
299.74 0.1 1
301.7 0.1 1
303.7 0.1 1
305.79 0.1 1
307.7 0.1 1
309.69 0.1 1
325.49 0.1 1
327.5 0.1 1
331.55 0.1 1
333.51 0.1 1
337.43 0.1 1
341.33 0.1 1
349.35 0.1 1
355.27 0.1 1
359.37 0.1 1
361.21 0.1 1
363.29 0.1 1
365.14 0.1 1
371.13 0.1 1
375.23 0.1 1
377.16 0.1 1
385 0.1 1
392.99 0.1 1
394.92 0.1 1
401 0.1 1
402.99 0.1 1
410.96 0.1 1
412.88 0.1 1
414.94 0.1 1
424.83 0.1 1
426.8 0.1 1
438.72 0.1 1
440.59 0.1 1
442.6 0.1 1
446.57 0.1 1
448.54 0.1 1
458.52 0.1 1
462.49 0.1 1
466.5 0.1 1
468.38 0.1 1
474.35 0.1 1
480.37 0.1 1
482.23 0.1 1
484.25 0.1 1
486.17 0.1 1
492.32 0.1 1
494.12 0.1 1
496.12 0.1 1
500.09 0.1 1
504.21 0.1 1
