4.28 0.1 1
6.25 0.1 1
10.16 0.1 1
12.16 0.1 1
18 0.1 1
20.03 0.1 1
21.97 0.1 1
23.97 0.1 1
25.97 0.1 1
34.04 0.1 1
35.91 0.1 1
37.97 0.1 1
41.77 0.1 1
45.83 0.1 1
47.76 0.1 1
49.81 0.1 1
51.74 0.1 1
57.75 0.1 1
67.58 0.1 1
69.6 0.1 1
71.73 0.1 1
73.69 0.1 1
77.69 0.1 1
79.56 0.1 1
81.45 0.1 1
85.59 0.1 1
87.46 0.1 1
89.44 0.1 1
91.46 0.1 1
95.38 0.1 1
107.38 0.1 1
121.17 0.1 1
125.17 0.1 1
127.25 0.1 1
131.11 0.1 1
133.11 0.1 1
135.16 0.1 1
137.19 0.1 1
139.04 0.1 1
145.04 0.1 1
147.03 0.1 1
151 0.1 1
153.01 0.1 1
155.01 0.1 1
162.78 0.1 1
166.79 0.1 1
168.74 0.1 1
170.9 0.1 1
172.82 0.1 1
176.69 0.1 1
182.78 0.1 1
184.64 0.1 1
190.59 0.1 1
194.66 0.1 1
198.56 0.1 1
202.57 0.1 1
208.42 0.1 1
214.39 0.1 1
218.39 0.1 1
224.36 0.1 1
228.41 0.1 1
238.34 0.1 1
244.2 0.1 1
246.25 0.1 1
250.27 0.1 1
258.04 0.1 1
260.14 0.1 1
262.09 0.1 1
264 0.1 1
266.02 0.1 1
270.02 0.1 1
274.01 0.1 1
275.93 0.1 1
279.83 0.1 1
285.98 0.1 1
289.91 0.1 1
295.82 0.1 1
297.87 0.1 1
299.8 0.1 1
301.83 0.1 1
303.82 0.1 1
305.69 0.1 1
307.79 0.1 1
309.74 0.1 1
325.63 0.1 1
327.43 0.1 1
331.55 0.1 1
333.38 0.1 1
337.51 0.1 1
341.47 0.1 1
349.35 0.1 1
355.29 0.1 1
359.19 0.1 1
361.27 0.1 1
363.26 0.1 1
365.23 0.1 1
371.08 0.1 1
375.18 0.1 1
377.05 0.1 1
385.06 0.1 1
392.92 0.1 1
394.9 0.1 1
400.89 0.1 1
402.99 0.1 1
410.91 0.1 1
412.93 0.1 1
414.76 0.1 1
424.7 0.1 1
426.76 0.1 1
438.6 0.1 1
440.55 0.1 1
442.67 0.1 1
446.6 0.1 1
448.49 0.1 1
458.43 0.1 1
462.53 0.1 1
466.44 0.1 1
468.31 0.1 1
474.36 0.1 1
480.33 0.1 1
482.38 0.1 1
484.19 0.1 1
486.22 0.1 1
492.12 0.1 1
494.2 0.1 1
496.19 0.1 1
500.16 0.1 1
504.14 0.1 1
