4.28 0.1 1
6.11 0.1 1
10.08 0.1 1
12.06 0.1 1
18.11 0.1 1
19.96 0.1 1
22.03 0.1 1
24 0.1 1
25.92 0.1 1
33.88 0.1 1
35.89 0.1 1
37.99 0.1 1
41.94 0.1 1
45.79 0.1 1
47.94 0.1 1
49.89 0.1 1
51.73 0.1 1
57.86 0.1 1
67.65 0.1 1
69.73 0.1 1
71.63 0.1 1
73.67 0.1 1
77.57 0.1 1
79.67 0.1 1
81.57 0.1 1
85.47 0.1 1
87.5 0.1 1
89.5 0.1 1
91.51 0.1 1
95.47 0.1 1
107.28 0.1 1
121.27 0.1 1
125.27 0.1 1
127.15 0.1 1
131.07 0.1 1
133.16 0.1 1
135.21 0.1 1
137.11 0.1 1
138.99 0.1 1
145.03 0.1 1
147.06 0.1 1
150.89 0.1 1
153.06 0.1 1
154.86 0.1 1
162.9 0.1 1
166.82 0.1 1
168.95 0.1 1
170.88 0.1 1
172.75 0.1 1
176.89 0.1 1
182.76 0.1 1
184.69 0.1 1
190.69 0.1 1
194.74 0.1 1
198.61 0.1 1
202.63 0.1 1
208.45 0.1 1
214.57 0.1 1
218.53 0.1 1
224.4 0.1 1
228.35 0.1 1
238.39 0.1 1
244.28 0.1 1
246.18 0.1 1
250.25 0.1 1
258.2 0.1 1
260.08 0.1 1
262.02 0.1 1
264.19 0.1 1
265.97 0.1 1
270.09 0.1 1
274.02 0.1 1
275.94 0.1 1
279.97 0.1 1
285.88 0.1 1
289.93 0.1 1
295.91 0.1 1
297.91 0.1 1
299.88 0.1 1
301.71 0.1 1
303.73 0.1 1
305.72 0.1 1
307.8 0.1 1
309.77 0.1 1
325.49 0.1 1
327.47 0.1 1
331.53 0.1 1
333.63 0.1 1
337.56 0.1 1
341.46 0.1 1
349.5 0.1 1
355.27 0.1 1
359.22 0.1 1
361.27 0.1 1
363.37 0.1 1
365.27 0.1 1
371.29 0.1 1
375.18 0.1 1
377.24 0.1 1
385.08 0.1 1
392.98 0.1 1
395 0.1 1
400.98 0.1 1
402.99 0.1 1
410.89 0.1 1
412.82 0.1 1
414.86 0.1 1
424.88 0.1 1
426.83 0.1 1
438.75 0.1 1
440.62 0.1 1
442.55 0.1 1
446.67 0.1 1
448.57 0.1 1
458.4 0.1 1
462.39 0.1 1
466.43 0.1 1
468.46 0.1 1
474.43 0.1 1
480.3 0.1 1
482.4 0.1 1
484.3 0.1 1
486.2 0.1 1
492.33 0.1 1
494.27 0.1 1
496.25 0.1 1
500.1 0.1 1
504.22 0.1 1
