4.13 0.1 1
6.18 0.1 1
10.06 0.1 1
12.06 0.1 1
18.11 0.1 1
20.17 0.1 1
21.97 0.1 1
23.93 0.1 1
25.98 0.1 1
33.94 0.1 1
35.99 0.1 1
38.01 0.1 1
41.96 0.1 1
45.88 0.1 1
47.93 0.1 1
49.88 0.1 1
51.73 0.1 1
57.73 0.1 1
67.58 0.1 1
69.75 0.1 1
71.6 0.1 1
73.62 0.1 1
77.64 0.1 1
79.6 0.1 1
81.62 0.1 1
85.51 0.1 1
87.42 0.1 1
89.52 0.1 1
91.39 0.1 1
95.43 0.1 1
107.3 0.1 1
121.17 0.1 1
125.2 0.1 1
127.14 0.1 1
131.24 0.1 1
133.14 0.1 1
135.02 0.1 1
136.99 0.1 1
139.04 0.1 1
145.11 0.1 1
146.94 0.1 1
150.88 0.1 1
152.91 0.1 1
154.88 0.1 1
162.88 0.1 1
166.85 0.1 1
168.82 0.1 1
170.84 0.1 1
172.79 0.1 1
176.77 0.1 1
182.72 0.1 1
184.66 0.1 1
190.61 0.1 1
194.65 0.1 1
198.6 0.1 1
202.6 0.1 1
208.44 0.1 1
214.52 0.1 1
218.34 0.1 1
224.41 0.1 1
228.29 0.1 1
238.31 0.1 1
244.21 0.1 1
246.12 0.1 1
250.15 0.1 1
258.07 0.1 1
260.17 0.1 1
262.15 0.1 1
263.97 0.1 1
266.04 0.1 1
269.87 0.1 1
274.04 0.1 1
275.89 0.1 1
279.94 0.1 1
285.9 0.1 1
289.75 0.1 1
295.78 0.1 1
297.72 0.1 1
299.69 0.1 1
301.7 0.1 1
303.67 0.1 1
305.77 0.1 1
307.72 0.1 1
309.72 0.1 1
325.44 0.1 1
327.55 0.1 1
331.45 0.1 1
333.36 0.1 1
337.4 0.1 1
341.47 0.1 1
349.44 0.1 1
355.36 0.1 1
359.16 0.1 1
361.12 0.1 1
363.29 0.1 1
365.27 0.1 1
371.13 0.1 1
375.2 0.1 1
377.2 0.1 1
385.13 0.1 1
392.87 0.1 1
394.94 0.1 1
400.87 0.1 1
402.94 0.1 1
410.83 0.1 1
412.84 0.1 1
414.76 0.1 1
424.65 0.1 1
426.73 0.1 1
438.55 0.1 1
440.55 0.1 1
442.47 0.1 1
446.49 0.1 1
448.56 0.1 1
458.54 0.1 1
462.44 0.1 1
466.3 0.1 1
468.41 0.1 1
474.26 0.1 1
480.22 0.1 1
482.32 0.1 1
484.22 0.1 1
486.32 0.1 1
492.19 0.1 1
494.26 0.1 1
496.16 0.1 1
500.16 0.1 1
503.99 0.1 1
