4.08 0.1 1
6.2 0.1 1
10.03 0.1 1
12.08 0.1 1
18.15 0.1 1
20.09 0.1 1
21.94 0.1 1
24.02 0.1 1
25.92 0.1 1
33.86 0.1 1
35.91 0.1 1
37.89 0.1 1
41.88 0.1 1
45.74 0.1 1
47.73 0.1 1
49.71 0.1 1
51.7 0.1 1
57.81 0.1 1
67.62 0.1 1
69.74 0.1 1
71.55 0.1 1
73.55 0.1 1
77.49 0.1 1
79.49 0.1 1
81.51 0.1 1
85.49 0.1 1
87.54 0.1 1
89.48 0.1 1
91.56 0.1 1
95.35 0.1 1
107.42 0.1 1
121.2 0.1 1
125.21 0.1 1
127.14 0.1 1
131.06 0.1 1
133.14 0.1 1
134.99 0.1 1
137.06 0.1 1
139.15 0.1 1
144.95 0.1 1
146.96 0.1 1
150.9 0.1 1
153.03 0.1 1
155.02 0.1 1
162.79 0.1 1
166.89 0.1 1
168.74 0.1 1
170.71 0.1 1
172.84 0.1 1
176.66 0.1 1
182.64 0.1 1
184.65 0.1 1
190.6 0.1 1
194.65 0.1 1
198.58 0.1 1
202.45 0.1 1
208.6 0.1 1
214.36 0.1 1
218.36 0.1 1
224.43 0.1 1
228.44 0.1 1
238.28 0.1 1
244.27 0.1 1
246.25 0.1 1
250.22 0.1 1
258.17 0.1 1
260.16 0.1 1
262.06 0.1 1
264.04 0.1 1
266.06 0.1 1
269.89 0.1 1
273.84 0.1 1
275.94 0.1 1
279.83 0.1 1
285.92 0.1 1
289.78 0.1 1
295.77 0.1 1
297.67 0.1 1
299.82 0.1 1
301.74 0.1 1
303.67 0.1 1
305.64 0.1 1
307.59 0.1 1
309.72 0.1 1
325.6 0.1 1
327.43 0.1 1
331.48 0.1 1
333.37 0.1 1
337.38 0.1 1
341.44 0.1 1
349.29 0.1 1
355.24 0.1 1
359.19 0.1 1
361.29 0.1 1
363.19 0.1 1
365.24 0.1 1
371.1 0.1 1
375.16 0.1 1
377.06 0.1 1
384.95 0.1 1
392.92 0.1 1
394.99 0.1 1
400.86 0.1 1
402.96 0.1 1
410.88 0.1 1
412.81 0.1 1
414.69 0.1 1
424.78 0.1 1
426.72 0.1 1
438.5 0.1 1
440.49 0.1 1
442.52 0.1 1
446.46 0.1 1
448.56 0.1 1
458.43 0.1 1
462.38 0.1 1
466.31 0.1 1
468.35 0.1 1
474.2 0.1 1
480.29 0.1 1
482.2 0.1 1
484.15 0.1 1
486.22 0.1 1
492.21 0.1 1
494.09 0.1 1
496.06 0.1 1
500.11 0.1 1
504.06 0.1 1
