4.14 0.1 1
6.21 0.1 1
10.11 0.1 1
12.13 0.1 1
17.97 0.1 1
19.95 0.1 1
22.08 0.1 1
23.95 0.1 1
26 0.1 1
33.87 0.1 1
36.02 0.1 1
37.87 0.1 1
41.83 0.1 1
45.91 0.1 1
47.81 0.1 1
49.86 0.1 1
51.78 0.1 1
57.78 0.1 1
67.6 0.1 1
69.67 0.1 1
71.74 0.1 1
73.57 0.1 1
77.54 0.1 1
79.5 0.1 1
81.59 0.1 1
85.46 0.1 1
87.46 0.1 1
89.59 0.1 1
91.48 0.1 1
95.39 0.1 1
107.4 0.1 1
121.15 0.1 1
125.29 0.1 1
127.22 0.1 1
131.14 0.1 1
133.19 0.1 1
135.21 0.1 1
137.09 0.1 1
138.99 0.1 1
145.06 0.1 1
147 0.1 1
151.06 0.1 1
153.03 0.1 1
154.95 0.1 1
162.85 0.1 1
166.89 0.1 1
168.87 0.1 1
170.89 0.1 1
172.89 0.1 1
176.81 0.1 1
182.81 0.1 1
184.79 0.1 1
190.7 0.1 1
194.55 0.1 1
198.48 0.1 1
202.53 0.1 1
208.5 0.1 1
214.5 0.1 1
218.32 0.1 1
224.31 0.1 1
228.29 0.1 1
238.28 0.1 1
244.22 0.1 1
246.27 0.1 1
250.13 0.1 1
258.17 0.1 1
260.09 0.1 1
262.02 0.1 1
264.01 0.1 1
266.01 0.1 1
269.94 0.1 1
273.88 0.1 1
276.06 0.1 1
279.83 0.1 1
285.86 0.1 1
289.81 0.1 1
295.72 0.1 1
297.74 0.1 1
299.82 0.1 1
301.67 0.1 1
303.65 0.1 1
305.69 0.1 1
307.64 0.1 1
309.64 0.1 1
325.51 0.1 1
327.56 0.1 1
331.38 0.1 1
333.53 0.1 1
337.48 0.1 1
341.33 0.1 1
349.34 0.1 1
355.37 0.1 1
359.21 0.1 1
361.19 0.1 1
363.11 0.1 1
365.23 0.1 1
371.14 0.1 1
375.05 0.1 1
377.03 0.1 1
385.1 0.1 1
392.92 0.1 1
394.9 0.1 1
400.97 0.1 1
402.82 0.1 1
410.86 0.1 1
412.73 0.1 1
414.81 0.1 1
424.76 0.1 1
426.65 0.1 1
438.54 0.1 1
440.55 0.1 1
442.55 0.1 1
446.42 0.1 1
448.41 0.1 1
458.38 0.1 1
462.31 0.1 1
466.31 0.1 1
468.43 0.1 1
474.33 0.1 1
480.18 0.1 1
482.15 0.1 1
484.29 0.1 1
486.15 0.1 1
492.07 0.1 1
494.24 0.1 1
496.11 0.1 1
500.07 0.1 1
503.99 0.1 1
