4.16 0.1 1
6.18 0.1 1
10.08 0.1 1
12.2 0.1 1
18.11 0.1 1
20 0.1 1
22.1 0.1 1
24.13 0.1 1
26.1 0.1 1
33.85 0.1 1
35.85 0.1 1
38 0.1 1
41.92 0.1 1
45.81 0.1 1
47.83 0.1 1
49.81 0.1 1
51.91 0.1 1
57.66 0.1 1
67.72 0.1 1
69.72 0.1 1
71.62 0.1 1
73.73 0.1 1
77.59 0.1 1
79.57 0.1 1
81.54 0.1 1
85.49 0.1 1
87.51 0.1 1
89.49 0.1 1
91.44 0.1 1
95.48 0.1 1
107.45 0.1 1
121.15 0.1 1
125.24 0.1 1
127.22 0.1 1
131.19 0.1 1
133.16 0.1 1
135.12 0.1 1
137.22 0.1 1
139.07 0.1 1
145.01 0.1 1
147.03 0.1 1
151.01 0.1 1
152.98 0.1 1
154.88 0.1 1
163.02 0.1 1
166.97 0.1 1
168.77 0.1 1
170.95 0.1 1
172.75 0.1 1
176.79 0.1 1
182.66 0.1 1
184.71 0.1 1
190.64 0.1 1
194.58 0.1 1
198.61 0.1 1
202.7 0.1 1
208.55 0.1 1
214.42 0.1 1
218.49 0.1 1
224.49 0.1 1
228.49 0.1 1
238.34 0.1 1
244.23 0.1 1
246.15 0.1 1
250.22 0.1 1
258.22 0.1 1
260.12 0.1 1
262.09 0.1 1
264 0.1 1
266.15 0.1 1
270.07 0.1 1
273.91 0.1 1
275.98 0.1 1
279.89 0.1 1
285.93 0.1 1
289.8 0.1 1
295.78 0.1 1
297.7 0.1 1
299.8 0.1 1
301.7 0.1 1
303.74 0.1 1
305.65 0.1 1
307.67 0.1 1
309.72 0.1 1
325.49 0.1 1
327.54 0.1 1
331.51 0.1 1
333.53 0.1 1
337.5 0.1 1
341.5 0.1 1
349.37 0.1 1
355.39 0.1 1
359.37 0.1 1
361.22 0.1 1
363.29 0.1 1
365.26 0.1 1
371.28 0.1 1
375.16 0.1 1
377.26 0.1 1
385.2 0.1 1
393.08 0.1 1
394.95 0.1 1
401.06 0.1 1
403.06 0.1 1
410.79 0.1 1
412.91 0.1 1
414.76 0.1 1
424.75 0.1 1
426.78 0.1 1
438.65 0.1 1
440.72 0.1 1
442.74 0.1 1
446.52 0.1 1
448.54 0.1 1
458.46 0.1 1
462.43 0.1 1
466.39 0.1 1
468.43 0.1 1
474.43 0.1 1
480.33 0.1 1
482.33 0.1 1
484.3 0.1 1
486.19 0.1 1
492.31 0.1 1
494.19 0.1 1
496.16 0.1 1
500.17 0.1 1
504.18 0.1 1
