4.08 0.1 1
6.09 0.1 1
10.16 0.1 1
12.21 0.1 1
17.98 0.1 1
20.08 0.1 1
21.93 0.1 1
23.92 0.1 1
26 0.1 1
33.87 0.1 1
35.97 0.1 1
38.01 0.1 1
41.98 0.1 1
45.78 0.1 1
47.73 0.1 1
49.71 0.1 1
51.83 0.1 1
57.71 0.1 1
67.67 0.1 1
69.73 0.1 1
71.67 0.1 1
73.64 0.1 1
77.59 0.1 1
79.54 0.1 1
81.52 0.1 1
85.54 0.1 1
87.41 0.1 1
89.49 0.1 1
91.46 0.1 1
95.44 0.1 1
107.31 0.1 1
121.3 0.1 1
125.31 0.1 1
127.24 0.1 1
131.09 0.1 1
133.12 0.1 1
135.03 0.1 1
137.03 0.1 1
139.08 0.1 1
144.98 0.1 1
147.08 0.1 1
151.05 0.1 1
152.97 0.1 1
155.01 0.1 1
162.84 0.1 1
166.92 0.1 1
168.87 0.1 1
170.79 0.1 1
172.84 0.1 1
176.74 0.1 1
182.64 0.1 1
184.66 0.1 1
190.75 0.1 1
194.53 0.1 1
198.6 0.1 1
202.63 0.1 1
208.5 0.1 1
214.42 0.1 1
218.35 0.1 1
224.46 0.1 1
228.43 0.1 1
238.31 0.1 1
244.23 0.1 1
246.08 0.1 1
250.12 0.1 1
258 0.1 1
260.04 0.1 1
262.02 0.1 1
263.95 0.1 1
265.94 0.1 1
270.02 0.1 1
273.99 0.1 1
275.99 0.1 1
279.84 0.1 1
285.93 0.1 1
289.76 0.1 1
295.7 0.1 1
297.68 0.1 1
299.78 0.1 1
301.74 0.1 1
303.67 0.1 1
305.62 0.1 1
307.74 0.1 1
309.61 0.1 1
325.58 0.1 1
327.43 0.1 1
331.44 0.1 1
333.55 0.1 1
337.45 0.1 1
341.52 0.1 1
349.25 0.1 1
355.34 0.1 1
359.22 0.1 1
361.26 0.1 1
363.16 0.1 1
365.24 0.1 1
371.16 0.1 1
375.04 0.1 1
377.16 0.1 1
385.06 0.1 1
392.95 0.1 1
394.94 0.1 1
400.99 0.1 1
402.82 0.1 1
410.89 0.1 1
412.86 0.1 1
414.86 0.1 1
424.68 0.1 1
426.75 0.1 1
438.7 0.1 1
440.62 0.1 1
442.52 0.1 1
446.65 0.1 1
448.62 0.1 1
458.52 0.1 1
462.49 0.1 1
466.46 0.1 1
468.48 0.1 1
474.33 0.1 1
480.3 0.1 1
482.33 0.1 1
484.27 0.1 1
486.32 0.1 1
492.2 0.1 1
494.22 0.1 1
496.07 0.1 1
500.24 0.1 1
504.01 0.1 1
