4.2 0.1 1
6.25 0.1 1
10.15 0.1 1
12.15 0.1 1
18.06 0.1 1
20.04 0.1 1
21.99 0.1 1
23.96 0.1 1
25.93 0.1 1
33.86 0.1 1
35.96 0.1 1
37.9 0.1 1
41.88 0.1 1
45.93 0.1 1
47.8 0.1 1
49.82 0.1 1
51.84 0.1 1
57.79 0.1 1
67.58 0.1 1
69.56 0.1 1
71.54 0.1 1
73.55 0.1 1
77.5 0.1 1
79.48 0.1 1
81.5 0.1 1
85.58 0.1 1
87.45 0.1 1
89.48 0.1 1
91.55 0.1 1
95.45 0.1 1
107.32 0.1 1
121.25 0.1 1
125.23 0.1 1
127.23 0.1 1
131.08 0.1 1
133.2 0.1 1
135.22 0.1 1
137.12 0.1 1
139.15 0.1 1
145.1 0.1 1
147 0.1 1
150.91 0.1 1
152.97 0.1 1
154.91 0.1 1
162.99 0.1 1
166.93 0.1 1
168.96 0.1 1
170.93 0.1 1
172.8 0.1 1
176.75 0.1 1
182.77 0.1 1
184.63 0.1 1
190.74 0.1 1
194.71 0.1 1
198.72 0.1 1
202.59 0.1 1
208.49 0.1 1
214.53 0.1 1
218.38 0.1 1
224.48 0.1 1
228.42 0.1 1
238.37 0.1 1
244.34 0.1 1
246.34 0.1 1
250.26 0.1 1
258.23 0.1 1
260.03 0.1 1
262.05 0.1 1
264.01 0.1 1
266.17 0.1 1
270 0.1 1
274.1 0.1 1
276.09 0.1 1
280.02 0.1 1
285.99 0.1 1
289.82 0.1 1
295.88 0.1 1
297.86 0.1 1
299.78 0.1 1
301.8 0.1 1
303.68 0.1 1
305.66 0.1 1
307.83 0.1 1
309.78 0.1 1
325.64 0.1 1
327.67 0.1 1
331.64 0.1 1
333.51 0.1 1
337.51 0.1 1
341.58 0.1 1
349.43 0.1 1
355.31 0.1 1
359.32 0.1 1
361.32 0.1 1
363.35 0.1 1
365.33 0.1 1
371.24 0.1 1
375.15 0.1 1
377.14 0.1 1
385.04 0.1 1
393 0.1 1
394.93 0.1 1
401.08 0.1 1
402.88 0.1 1
410.82 0.1 1
412.77 0.1 1
414.95 0.1 1
424.84 0.1 1
426.64 0.1 1
438.56 0.1 1
440.53 0.1 1
442.58 0.1 1
446.68 0.1 1
448.6 0.1 1
458.55 0.1 1
462.35 0.1 1
466.32 0.1 1
468.31 0.1 1
474.43 0.1 1
480.21 0.1 1
482.23 0.1 1
484.3 0.1 1
486.2 0.1 1
492.15 0.1 1
494.2 0.1 1
496.18 0.1 1
500.13 0.1 1
504.12 0.1 1
