4.12 0.1 1
6.27 0.1 1
10.24 0.1 1
12.17 0.1 1
17.99 0.1 1
20.09 0.1 1
22.06 0.1 1
24.01 0.1 1
25.91 0.1 1
34 0.1 1
36 0.1 1
37.95 0.1 1
41.9 0.1 1
45.85 0.1 1
47.79 0.1 1
49.74 0.1 1
51.87 0.1 1
57.71 0.1 1
67.63 0.1 1
69.73 0.1 1
71.71 0.1 1
73.61 0.1 1
77.7 0.1 1
79.55 0.1 1
81.5 0.1 1
85.52 0.1 1
87.42 0.1 1
89.6 0.1 1
91.56 0.1 1
95.36 0.1 1
107.29 0.1 1
121.25 0.1 1
125.22 0.1 1
127.3 0.1 1
131.15 0.1 1
133.12 0.1 1
135.17 0.1 1
137.09 0.1 1
139.17 0.1 1
145.13 0.1 1
147.13 0.1 1
151.08 0.1 1
153.08 0.1 1
154.91 0.1 1
162.82 0.1 1
166.82 0.1 1
168.94 0.1 1
170.84 0.1 1
172.74 0.1 1
176.85 0.1 1
182.77 0.1 1
184.72 0.1 1
190.63 0.1 1
194.61 0.1 1
198.7 0.1 1
202.55 0.1 1
208.6 0.1 1
214.55 0.1 1
218.54 0.1 1
224.41 0.1 1
228.47 0.1 1
238.36 0.1 1
244.21 0.1 1
246.23 0.1 1
250.22 0.1 1
258.04 0.1 1
260.14 0.1 1
262.17 0.1 1
264.17 0.1 1
266.01 0.1 1
269.96 0.1 1
274.04 0.1 1
276.04 0.1 1
279.86 0.1 1
285.95 0.1 1
289.78 0.1 1
295.82 0.1 1
297.87 0.1 1
299.7 0.1 1
301.89 0.1 1
303.85 0.1 1
305.84 0.1 1
307.69 0.1 1
309.77 0.1 1
325.61 0.1 1
327.63 0.1 1
331.51 0.1 1
333.58 0.1 1
337.45 0.1 1
341.44 0.1 1
349.45 0.1 1
355.41 0.1 1
359.26 0.1 1
361.34 0.1 1
363.28 0.1 1
365.31 0.1 1
371.26 0.1 1
375.15 0.1 1
377.18 0.1 1
385.17 0.1 1
392.97 0.1 1
394.94 0.1 1
400.96 0.1 1
402.91 0.1 1
410.85 0.1 1
412.86 0.1 1
414.91 0.1 1
424.83 0.1 1
426.8 0.1 1
438.57 0.1 1
440.69 0.1 1
442.57 0.1 1
446.51 0.1 1
448.69 0.1 1
458.6 0.1 1
462.42 0.1 1
466.38 0.1 1
468.52 0.1 1
474.42 0.1 1
480.37 0.1 1
482.36 0.1 1
484.37 0.1 1
486.31 0.1 1
492.16 0.1 1
494.14 0.1 1
496.26 0.1 1
500.21 0.1 1
504.16 0.1 1
