4.17 0.1 1
6.17 0.1 1
10.11 0.1 1
12.06 0.1 1
18.11 0.1 1
20.01 0.1 1
21.96 0.1 1
24.13 0.1 1
25.93 0.1 1
33.97 0.1 1
35.9 0.1 1
38 0.1 1
41.97 0.1 1
45.8 0.1 1
47.79 0.1 1
49.86 0.1 1
51.87 0.1 1
57.73 0.1 1
67.61 0.1 1
69.56 0.1 1
71.56 0.1 1
73.67 0.1 1
77.5 0.1 1
79.5 0.1 1
81.52 0.1 1
85.64 0.1 1
87.42 0.1 1
89.45 0.1 1
91.39 0.1 1
95.39 0.1 1
107.38 0.1 1
121.15 0.1 1
125.32 0.1 1
127.27 0.1 1
131.24 0.1 1
133.2 0.1 1
135.09 0.1 1
137.15 0.1 1
139.09 0.1 1
144.99 0.1 1
147.12 0.1 1
151.06 0.1 1
152.98 0.1 1
154.93 0.1 1
163.01 0.1 1
166.8 0.1 1
168.95 0.1 1
170.95 0.1 1
172.88 0.1 1
176.72 0.1 1
182.72 0.1 1
184.67 0.1 1
190.74 0.1 1
194.69 0.1 1
198.68 0.1 1
202.69 0.1 1
208.5 0.1 1
214.55 0.1 1
218.42 0.1 1
224.37 0.1 1
228.35 0.1 1
238.24 0.1 1
244.23 0.1 1
246.19 0.1 1
250.29 0.1 1
258.2 0.1 1
260.21 0.1 1
262.18 0.1 1
264.2 0.1 1
266.17 0.1 1
270.15 0.1 1
273.95 0.1 1
275.9 0.1 1
280.02 0.1 1
285.98 0.1 1
289.86 0.1 1
295.89 0.1 1
297.88 0.1 1
299.9 0.1 1
301.81 0.1 1
303.8 0.1 1
305.71 0.1 1
307.75 0.1 1
309.67 0.1 1
325.65 0.1 1
327.49 0.1 1
331.54 0.1 1
333.46 0.1 1
337.41 0.1 1
341.48 0.1 1
349.33 0.1 1
355.38 0.1 1
359.3 0.1 1
361.22 0.1 1
363.39 0.1 1
365.32 0.1 1
371.14 0.1 1
375.16 0.1 1
377.21 0.1 1
385.08 0.1 1
393.01 0.1 1
394.96 0.1 1
400.95 0.1 1
402.88 0.1 1
410.85 0.1 1
412.99 0.1 1
414.92 0.1 1
424.79 0.1 1
426.77 0.1 1
438.71 0.1 1
440.68 0.1 1
442.56 0.1 1
446.67 0.1 1
448.57 0.1 1
458.52 0.1 1
462.49 0.1 1
466.46 0.1 1
468.47 0.1 1
474.43 0.1 1
480.34 0.1 1
482.33 0.1 1
484.41 0.1 1
486.33 0.1 1
492.37 0.1 1
494.35 0.1 1
496.33 0.1 1
500.1 0.1 1
504.1 0.1 1
