4.29 0.1 1
6.15 0.1 1
10.22 0.1 1
12.17 0.1 1
18.07 0.1 1
20.04 0.1 1
22.14 0.1 1
24.04 0.1 1
26.03 0.1 1
33.9 0.1 1
35.88 0.1 1
37.83 0.1 1
41.87 0.1 1
45.94 0.1 1
47.84 0.1 1
49.89 0.1 1
51.72 0.1 1
57.77 0.1 1
67.61 0.1 1
69.63 0.1 1
71.66 0.1 1
73.71 0.1 1
77.6 0.1 1
79.66 0.1 1
81.56 0.1 1
85.5 0.1 1
87.48 0.1 1
89.43 0.1 1
91.44 0.1 1
95.42 0.1 1
107.39 0.1 1
121.25 0.1 1
125.11 0.1 1
127.11 0.1 1
131.17 0.1 1
133.18 0.1 1
135.15 0.1 1
137.07 0.1 1
139 0.1 1
145.04 0.1 1
146.99 0.1 1
150.92 0.1 1
152.89 0.1 1
154.97 0.1 1
162.89 0.1 1
166.78 0.1 1
168.83 0.1 1
170.8 0.1 1
172.76 0.1 1
176.8 0.1 1
182.65 0.1 1
184.64 0.1 1
190.6 0.1 1
194.61 0.1 1
198.61 0.1 1
202.54 0.1 1
208.59 0.1 1
214.41 0.1 1
218.43 0.1 1
224.45 0.1 1
228.4 0.1 1
238.29 0.1 1
244.31 0.1 1
246.29 0.1 1
250.24 0.1 1
258.15 0.1 1
260.18 0.1 1
262 0.1 1
264.12 0.1 1
266.12 0.1 1
269.93 0.1 1
274.07 0.1 1
276 0.1 1
279.94 0.1 1
285.77 0.1 1
289.87 0.1 1
295.79 0.1 1
297.74 0.1 1
299.74 0.1 1
301.78 0.1 1
303.8 0.1 1
305.68 0.1 1
307.58 0.1 1
309.7 0.1 1
325.45 0.1 1
327.5 0.1 1
331.44 0.1 1
333.54 0.1 1
337.36 0.1 1
341.43 0.1 1
349.23 0.1 1
355.23 0.1 1
359.15 0.1 1
361.15 0.1 1
363.28 0.1 1
365.25 0.1 1
371.2 0.1 1
375.2 0.1 1
377.14 0.1 1
384.94 0.1 1
393.08 0.1 1
394.9 0.1 1
400.86 0.1 1
402.93 0.1 1
410.77 0.1 1
412.9 0.1 1
414.82 0.1 1
424.72 0.1 1
426.61 0.1 1
438.55 0.1 1
440.53 0.1 1
442.51 0.1 1
446.58 0.1 1
448.55 0.1 1
458.45 0.1 1
462.44 0.1 1
466.47 0.1 1
468.47 0.1 1
474.32 0.1 1
480.31 0.1 1
482.26 0.1 1
484.31 0.1 1
486.3 0.1 1
492.2 0.1 1
494.13 0.1 1
496.2 0.1 1
500.02 0.1 1
504.04 0.1 1
