4.27 0.1 1
6.22 0.1 1
10.06 0.1 1
12.21 0.1 1
18.14 0.1 1
20.06 0.1 1
22.1 0.1 1
24.01 0.1 1
26.05 0.1 1
33.93 0.1 1
35.9 0.1 1
37.97 0.1 1
41.85 0.1 1
45.8 0.1 1
47.77 0.1 1
49.74 0.1 1
51.87 0.1 1
57.73 0.1 1
67.73 0.1 1
69.66 0.1 1
71.71 0.1 1
73.67 0.1 1
77.57 0.1 1
79.53 0.1 1
81.5 0.1 1
85.6 0.1 1
87.54 0.1 1
89.54 0.1 1
91.57 0.1 1
95.37 0.1 1
107.28 0.1 1
121.25 0.1 1
125.18 0.1 1
127.22 0.1 1
131.27 0.1 1
133.12 0.1 1
135.07 0.1 1
137.14 0.1 1
139.16 0.1 1
145.07 0.1 1
147.09 0.1 1
151.08 0.1 1
153.08 0.1 1
155.06 0.1 1
162.95 0.1 1
166.85 0.1 1
168.9 0.1 1
170.75 0.1 1
172.78 0.1 1
176.85 0.1 1
182.77 0.1 1
184.75 0.1 1
190.67 0.1 1
194.64 0.1 1
198.53 0.1 1
202.5 0.1 1
208.53 0.1 1
214.48 0.1 1
218.55 0.1 1
224.4 0.1 1
228.4 0.1 1
238.26 0.1 1
244.26 0.1 1
246.16 0.1 1
250.28 0.1 1
258.21 0.1 1
260.05 0.1 1
262.07 0.1 1
264.17 0.1 1
265.98 0.1 1
270.05 0.1 1
274.05 0.1 1
275.94 0.1 1
279.84 0.1 1
285.99 0.1 1
289.78 0.1 1
295.81 0.1 1
297.7 0.1 1
299.88 0.1 1
301.78 0.1 1
303.66 0.1 1
305.73 0.1 1
307.75 0.1 1
309.63 0.1 1
325.66 0.1 1
327.57 0.1 1
331.44 0.1 1
333.46 0.1 1
337.43 0.1 1
341.46 0.1 1
349.45 0.1 1
355.4 0.1 1
359.2 0.1 1
361.35 0.1 1
363.2 0.1 1
365.2 0.1 1
371.12 0.1 1
375.19 0.1 1
377.16 0.1 1
384.98 0.1 1
392.95 0.1 1
394.9 0.1 1
400.92 0.1 1
402.87 0.1 1
410.84 0.1 1
412.92 0.1 1
414.92 0.1 1
424.68 0.1 1
426.73 0.1 1
438.75 0.1 1
440.65 0.1 1
442.63 0.1 1
446.58 0.1 1
448.62 0.1 1
458.39 0.1 1
462.44 0.1 1
466.32 0.1 1
468.34 0.1 1
474.34 0.1 1
480.38 0.1 1
482.39 0.1 1
484.26 0.1 1
486.31 0.1 1
492.27 0.1 1
494.13 0.1 1
496.18 0.1 1
500.25 0.1 1
504.2 0.1 1
