4.12 0.1 1
6.25 0.1 1
10.14 0.1 1
12.02 0.1 1
18.06 0.1 1
20.01 0.1 1
22.11 0.1 1
24.12 0.1 1
26.03 0.1 1
33.95 0.1 1
36.01 0.1 1
37.86 0.1 1
41.88 0.1 1
45.85 0.1 1
47.93 0.1 1
49.85 0.1 1
51.78 0.1 1
57.74 0.1 1
67.62 0.1 1
69.62 0.1 1
71.74 0.1 1
73.58 0.1 1
77.69 0.1 1
79.55 0.1 1
81.66 0.1 1
85.5 0.1 1
87.55 0.1 1
89.4 0.1 1
91.45 0.1 1
95.52 0.1 1
107.42 0.1 1
121.19 0.1 1
125.25 0.1 1
127.3 0.1 1
131.21 0.1 1
133.25 0.1 1
135.15 0.1 1
137.07 0.1 1
139 0.1 1
145 0.1 1
147.14 0.1 1
150.99 0.1 1
153.07 0.1 1
154.92 0.1 1
162.89 0.1 1
166.89 0.1 1
168.84 0.1 1
170.78 0.1 1
172.81 0.1 1
176.8 0.1 1
182.68 0.1 1
184.75 0.1 1
190.64 0.1 1
194.64 0.1 1
198.66 0.1 1
202.47 0.1 1
208.56 0.1 1
214.48 0.1 1
218.55 0.1 1
224.43 0.1 1
228.35 0.1 1
238.32 0.1 1
244.21 0.1 1
246.21 0.1 1
250.16 0.1 1
258.08 0.1 1
260.11 0.1 1
262.06 0.1 1
264.11 0.1 1
266.13 0.1 1
269.98 0.1 1
274.03 0.1 1
275.88 0.1 1
280.05 0.1 1
285.8 0.1 1
289.79 0.1 1
295.79 0.1 1
297.77 0.1 1
299.86 0.1 1
301.83 0.1 1
303.81 0.1 1
305.71 0.1 1
307.8 0.1 1
309.63 0.1 1
325.67 0.1 1
327.62 0.1 1
331.47 0.1 1
333.42 0.1 1
337.47 0.1 1
341.44 0.1 1
349.48 0.1 1
355.3 0.1 1
359.33 0.1 1
361.18 0.1 1
363.17 0.1 1
365.25 0.1 1
371.3 0.1 1
375.19 0.1 1
377.05 0.1 1
384.97 0.1 1
392.91 0.1 1
395.09 0.1 1
401.03 0.1 1
402.9 0.1 1
410.87 0.1 1
412.87 0.1 1
414.77 0.1 1
424.77 0.1 1
426.84 0.1 1
438.58 0.1 1
440.63 0.1 1
442.53 0.1 1
446.56 0.1 1
448.6 0.1 1
458.57 0.1 1
462.37 0.1 1
466.34 0.1 1
468.4 0.1 1
474.27 0.1 1
480.29 0.1 1
482.26 0.1 1
484.21 0.1 1
486.16 0.1 1
492.21 0.1 1
494.28 0.1 1
496.25 0.1 1
500.07 0.1 1
504.13 0.1 1
