4.2 0.1 1
6.08 0.1 1
10.23 0.1 1
12.08 0.1 1
18.05 0.1 1
19.95 0.1 1
22.09 0.1 1
23.95 0.1 1
26.04 0.1 1
33.84 0.1 1
35.94 0.1 1
37.98 0.1 1
41.81 0.1 1
45.9 0.1 1
47.76 0.1 1
49.81 0.1 1
51.77 0.1 1
57.67 0.1 1
67.69 0.1 1
69.75 0.1 1
71.64 0.1 1
73.59 0.1 1
77.51 0.1 1
79.62 0.1 1
81.51 0.1 1
85.61 0.1 1
87.56 0.1 1
89.56 0.1 1
91.45 0.1 1
95.48 0.1 1
107.4 0.1 1
121.19 0.1 1
125.19 0.1 1
127.13 0.1 1
131.06 0.1 1
133.15 0.1 1
135.16 0.1 1
137.16 0.1 1
139.03 0.1 1
144.95 0.1 1
147.08 0.1 1
151.02 0.1 1
152.89 0.1 1
154.85 0.1 1
162.82 0.1 1
166.86 0.1 1
168.72 0.1 1
170.71 0.1 1
172.66 0.1 1
176.63 0.1 1
182.68 0.1 1
184.71 0.1 1
190.55 0.1 1
194.52 0.1 1
198.54 0.1 1
202.62 0.1 1
208.47 0.1 1
214.38 0.1 1
218.38 0.1 1
224.26 0.1 1
228.25 0.1 1
238.23 0.1 1
244.15 0.1 1
246.09 0.1 1
250.24 0.1 1
258.02 0.1 1
259.98 0.1 1
261.99 0.1 1
264.03 0.1 1
265.96 0.1 1
270.03 0.1 1
273.85 0.1 1
275.87 0.1 1
279.8 0.1 1
285.94 0.1 1
289.87 0.1 1
295.87 0.1 1
297.82 0.1 1
299.67 0.1 1
301.69 0.1 1
303.73 0.1 1
305.61 0.1 1
307.78 0.1 1
309.66 0.1 1
325.43 0.1 1
327.52 0.1 1
331.5 0.1 1
333.47 0.1 1
337.52 0.1 1
341.44 0.1 1
349.31 0.1 1
355.3 0.1 1
359.26 0.1 1
361.35 0.1 1
363.21 0.1 1
365.21 0.1 1
371.22 0.1 1
375.19 0.1 1
377.19 0.1 1
385.09 0.1 1
392.94 0.1 1
394.89 0.1 1
400.83 0.1 1
402.83 0.1 1
410.85 0.1 1
412.82 0.1 1
414.83 0.1 1
424.7 0.1 1
426.62 0.1 1
438.51 0.1 1
440.51 0.1 1
442.66 0.1 1
446.63 0.1 1
448.51 0.1 1
458.48 0.1 1
462.35 0.1 1
466.29 0.1 1
468.29 0.1 1
474.41 0.1 1
480.18 0.1 1
482.29 0.1 1
484.19 0.1 1
486.14 0.1 1
492.25 0.1 1
494.08 0.1 1
496.15 0.1 1
500.2 0.1 1
504.05 0.1 1
