4.18 0.1 1
6.2 0.1 1
10.15 0.1 1
12.03 0.1 1
18.13 0.1 1
20.03 0.1 1
21.93 0.1 1
24.07 0.1 1
26.05 0.1 1
34.01 0.1 1
35.97 0.1 1
37.99 0.1 1
41.84 0.1 1
45.79 0.1 1
47.83 0.1 1
49.78 0.1 1
51.74 0.1 1
57.66 0.1 1
67.67 0.1 1
69.57 0.1 1
71.57 0.1 1
73.67 0.1 1
77.57 0.1 1
79.5 0.1 1
81.46 0.1 1
85.51 0.1 1
87.41 0.1 1
89.39 0.1 1
91.49 0.1 1
95.36 0.1 1
107.35 0.1 1
121.15 0.1 1
125.29 0.1 1
127.26 0.1 1
131.12 0.1 1
133.06 0.1 1
135.09 0.1 1
137.11 0.1 1
139.09 0.1 1
145.08 0.1 1
147.1 0.1 1
151.06 0.1 1
152.95 0.1 1
154.85 0.1 1
162.87 0.1 1
166.9 0.1 1
168.75 0.1 1
170.72 0.1 1
172.72 0.1 1
176.71 0.1 1
182.64 0.1 1
184.79 0.1 1
190.75 0.1 1
194.53 0.1 1
198.58 0.1 1
202.5 0.1 1
208.6 0.1 1
214.57 0.1 1
218.39 0.1 1
224.36 0.1 1
228.39 0.1 1
238.28 0.1 1
244.31 0.1 1
246.22 0.1 1
250.17 0.1 1
258.2 0.1 1
260 0.1 1
261.99 0.1 1
264.17 0.1 1
265.97 0.1 1
269.94 0.1 1
273.94 0.1 1
275.98 0.1 1
280.01 0.1 1
285.85 0.1 1
289.76 0.1 1
295.77 0.1 1
297.82 0.1 1
299.72 0.1 1
301.65 0.1 1
303.84 0.1 1
305.69 0.1 1
307.75 0.1 1
309.61 0.1 1
325.5 0.1 1
327.63 0.1 1
331.61 0.1 1
333.43 0.1 1
337.47 0.1 1
341.38 0.1 1
349.47 0.1 1
355.25 0.1 1
359.32 0.1 1
361.32 0.1 1
363.29 0.1 1
365.16 0.1 1
371.18 0.1 1
375.2 0.1 1
377.23 0.1 1
385.07 0.1 1
393 0.1 1
395.04 0.1 1
400.97 0.1 1
402.92 0.1 1
410.76 0.1 1
412.84 0.1 1
414.81 0.1 1
424.75 0.1 1
426.65 0.1 1
438.55 0.1 1
440.6 0.1 1
442.5 0.1 1
446.61 0.1 1
448.54 0.1 1
458.49 0.1 1
462.41 0.1 1
466.43 0.1 1
468.45 0.1 1
474.38 0.1 1
480.27 0.1 1
482.2 0.1 1
484.29 0.1 1
486.15 0.1 1
492.2 0.1 1
494.17 0.1 1
496.21 0.1 1
500.18 0.1 1
504.08 0.1 1
