4.09 0.1 1
6.11 0.1 1
10.14 0.1 1
12.14 0.1 1
18.18 0.1 1
20 0.1 1
22.02 0.1 1
24.1 0.1 1
26.1 0.1 1
34.05 0.1 1
35.85 0.1 1
37.87 0.1 1
41.84 0.1 1
45.86 0.1 1
47.77 0.1 1
49.79 0.1 1
51.91 0.1 1
57.71 0.1 1
67.75 0.1 1
69.56 0.1 1
71.75 0.1 1
73.68 0.1 1
77.67 0.1 1
79.69 0.1 1
81.54 0.1 1
85.61 0.1 1
87.62 0.1 1
89.57 0.1 1
91.39 0.1 1
95.41 0.1 1
107.31 0.1 1
121.22 0.1 1
125.19 0.1 1
127.19 0.1 1
131.14 0.1 1
133.22 0.1 1
135.19 0.1 1
137.14 0.1 1
139.02 0.1 1
144.96 0.1 1
146.96 0.1 1
150.9 0.1 1
152.9 0.1 1
155.05 0.1 1
162.98 0.1 1
166.9 0.1 1
168.85 0.1 1
170.74 0.1 1
172.75 0.1 1
176.87 0.1 1
182.81 0.1 1
184.76 0.1 1
190.58 0.1 1
194.58 0.1 1
198.65 0.1 1
202.58 0.1 1
208.55 0.1 1
214.52 0.1 1
218.44 0.1 1
224.5 0.1 1
228.37 0.1 1
238.33 0.1 1
244.33 0.1 1
246.15 0.1 1
250.15 0.1 1
258.18 0.1 1
260.1 0.1 1
262.15 0.1 1
264.07 0.1 1
266.12 0.1 1
269.97 0.1 1
274.04 0.1 1
275.97 0.1 1
279.89 0.1 1
285.86 0.1 1
289.81 0.1 1
295.73 0.1 1
297.9 0.1 1
299.8 0.1 1
301.78 0.1 1
303.73 0.1 1
305.65 0.1 1
307.74 0.1 1
309.77 0.1 1
325.61 0.1 1
327.68 0.1 1
331.46 0.1 1
333.51 0.1 1
337.53 0.1 1
341.36 0.1 1
349.4 0.1 1
355.32 0.1 1
359.39 0.1 1
361.37 0.1 1
363.36 0.1 1
365.36 0.1 1
371.32 0.1 1
375.09 0.1 1
377.28 0.1 1
385.2 0.1 1
393.03 0.1 1
395.07 0.1 1
400.99 0.1 1
403.02 0.1 1
410.89 0.1 1
412.89 0.1 1
414.87 0.1 1
424.71 0.1 1
426.83 0.1 1
438.58 0.1 1
440.7 0.1 1
442.63 0.1 1
446.65 0.1 1
448.57 0.1 1
458.54 0.1 1
462.44 0.1 1
466.48 0.1 1
468.49 0.1 1
474.46 0.1 1
480.3 0.1 1
482.31 0.1 1
484.25 0.1 1
486.28 0.1 1
492.15 0.1 1
494.33 0.1 1
496.17 0.1 1
500.17 0.1 1
504.24 0.1 1
