4.23 0.1 1
6.13 0.1 1
10.22 0.1 1
12.03 0.1 1
18.12 0.1 1
20.1 0.1 1
22.09 0.1 1
24.04 0.1 1
26.02 0.1 1
33.91 0.1 1
35.98 0.1 1
37.88 0.1 1
41.83 0.1 1
45.86 0.1 1
47.93 0.1 1
49.85 0.1 1
51.87 0.1 1
57.78 0.1 1
67.67 0.1 1
69.56 0.1 1
71.56 0.1 1
73.69 0.1 1
77.53 0.1 1
79.61 0.1 1
81.53 0.1 1
85.43 0.1 1
87.44 0.1 1
89.41 0.1 1
91.56 0.1 1
95.38 0.1 1
107.32 0.1 1
121.31 0.1 1
125.22 0.1 1
127.11 0.1 1
131.09 0.1 1
133.16 0.1 1
135.16 0.1 1
137.16 0.1 1
139.11 0.1 1
144.98 0.1 1
147.08 0.1 1
151.03 0.1 1
152.87 0.1 1
154.85 0.1 1
162.97 0.1 1
166.89 0.1 1
168.81 0.1 1
170.82 0.1 1
172.89 0.1 1
176.83 0.1 1
182.78 0.1 1
184.65 0.1 1
190.65 0.1 1
194.62 0.1 1
198.6 0.1 1
202.65 0.1 1
208.56 0.1 1
214.51 0.1 1
218.39 0.1 1
224.31 0.1 1
228.38 0.1 1
238.25 0.1 1
244.15 0.1 1
246.15 0.1 1
250.09 0.1 1
258.16 0.1 1
260.02 0.1 1
262.02 0.1 1
263.99 0.1 1
266.06 0.1 1
270.08 0.1 1
273.89 0.1 1
275.91 0.1 1
279.83 0.1 1
285.87 0.1 1
289.75 0.1 1
295.89 0.1 1
297.84 0.1 1
299.87 0.1 1
301.82 0.1 1
303.76 0.1 1
305.71 0.1 1
307.61 0.1 1
309.64 0.1 1
325.48 0.1 1
327.65 0.1 1
331.6 0.1 1
333.57 0.1 1
337.42 0.1 1
341.5 0.1 1
349.27 0.1 1
355.36 0.1 1
359.28 0.1 1
361.24 0.1 1
363.23 0.1 1
365.18 0.1 1
371.25 0.1 1
375.18 0.1 1
377.2 0.1 1
385.08 0.1 1
393 0.1 1
394.97 0.1 1
400.91 0.1 1
402.91 0.1 1
410.86 0.1 1
412.81 0.1 1
414.8 0.1 1
424.85 0.1 1
426.78 0.1 1
438.75 0.1 1
440.61 0.1 1
442.61 0.1 1
446.51 0.1 1
448.62 0.1 1
458.41 0.1 1
462.43 0.1 1
466.35 0.1 1
468.43 0.1 1
474.43 0.1 1
480.35 0.1 1
482.22 0.1 1
484.25 0.1 1
486.31 0.1 1
492.14 0.1 1
494.21 0.1 1
496.26 0.1 1
500.16 0.1 1
504.23 0.1 1
