4.21 0.1 1
6.24 0.1 1
10.21 0.1 1
12.22 0.1 1
18.14 0.1 1
20.03 0.1 1
22.05 0.1 1
24.06 0.1 1
25.91 0.1 1
34.02 0.1 1
35.9 0.1 1
37.93 0.1 1
41.82 0.1 1
45.95 0.1 1
47.94 0.1 1
49.74 0.1 1
51.87 0.1 1
57.79 0.1 1
67.75 0.1 1
69.61 0.1 1
71.7 0.1 1
73.61 0.1 1
77.52 0.1 1
79.67 0.1 1
81.57 0.1 1
85.48 0.1 1
87.55 0.1 1
89.49 0.1 1
91.54 0.1 1
95.37 0.1 1
107.44 0.1 1
121.17 0.1 1
125.23 0.1 1
127.17 0.1 1
131.19 0.1 1
133.05 0.1 1
135.2 0.1 1
137.02 0.1 1
139 0.1 1
145.01 0.1 1
147.01 0.1 1
150.97 0.1 1
153.03 0.1 1
155.01 0.1 1
162.91 0.1 1
166.83 0.1 1
168.85 0.1 1
170.85 0.1 1
172.92 0.1 1
176.8 0.1 1
182.64 0.1 1
184.64 0.1 1
190.67 0.1 1
194.62 0.1 1
198.58 0.1 1
202.53 0.1 1
208.5 0.1 1
214.38 0.1 1
218.45 0.1 1
224.3 0.1 1
228.34 0.1 1
238.27 0.1 1
244.28 0.1 1
246.16 0.1 1
250.16 0.1 1
258.17 0.1 1
260.18 0.1 1
262.05 0.1 1
264.18 0.1 1
265.98 0.1 1
270.04 0.1 1
274.04 0.1 1
276.02 0.1 1
279.86 0.1 1
285.96 0.1 1
289.76 0.1 1
295.89 0.1 1
297.86 0.1 1
299.85 0.1 1
301.83 0.1 1
303.8 0.1 1
305.67 0.1 1
307.65 0.1 1
309.8 0.1 1
325.47 0.1 1
327.52 0.1 1
331.48 0.1 1
333.39 0.1 1
337.36 0.1 1
341.36 0.1 1
349.43 0.1 1
355.42 0.1 1
359.2 0.1 1
361.29 0.1 1
363.24 0.1 1
365.34 0.1 1
371.26 0.1 1
375.24 0.1 1
377.24 0.1 1
385.18 0.1 1
393.01 0.1 1
395.05 0.1 1
400.93 0.1 1
402.85 0.1 1
410.84 0.1 1
412.77 0.1 1
414.9 0.1 1
424.79 0.1 1
426.84 0.1 1
438.55 0.1 1
440.65 0.1 1
442.65 0.1 1
446.67 0.1 1
448.6 0.1 1
458.54 0.1 1
462.46 0.1 1
466.34 0.1 1
468.48 0.1 1
474.46 0.1 1
480.33 0.1 1
482.38 0.1 1
484.38 0.1 1
486.18 0.1 1
492.27 0.1 1
494.12 0.1 1
496.08 0.1 1
500.25 0.1 1
504.12 0.1 1
