4.18 0.1 1
6.08 0.1 1
10.18 0.1 1
12.18 0.1 1
18 0.1 1
20.05 0.1 1
21.95 0.1 1
24.07 0.1 1
26.07 0.1 1
33.84 0.1 1
35.89 0.1 1
37.84 0.1 1
41.92 0.1 1
45.89 0.1 1
47.74 0.1 1
49.91 0.1 1
51.7 0.1 1
57.73 0.1 1
67.77 0.1 1
69.6 0.1 1
71.57 0.1 1
73.65 0.1 1
77.52 0.1 1
79.66 0.1 1
81.56 0.1 1
85.52 0.1 1
87.58 0.1 1
89.51 0.1 1
91.58 0.1 1
95.49 0.1 1
107.3 0.1 1
121.25 0.1 1
125.31 0.1 1
127.25 0.1 1
131.21 0.1 1
133.19 0.1 1
135.19 0.1 1
137.04 0.1 1
139.19 0.1 1
145.08 0.1 1
146.98 0.1 1
151 0.1 1
152.9 0.1 1
154.88 0.1 1
162.99 0.1 1
166.75 0.1 1
168.94 0.1 1
170.8 0.1 1
172.91 0.1 1
176.67 0.1 1
182.69 0.1 1
184.64 0.1 1
190.58 0.1 1
194.71 0.1 1
198.7 0.1 1
202.63 0.1 1
208.57 0.1 1
214.42 0.1 1
218.54 0.1 1
224.29 0.1 1
228.38 0.1 1
238.21 0.1 1
244.21 0.1 1
246.26 0.1 1
250.23 0.1 1
258.08 0.1 1
260.04 0.1 1
262.17 0.1 1
264.17 0.1 1
265.99 0.1 1
270.04 0.1 1
273.91 0.1 1
275.94 0.1 1
279.89 0.1 1
285.94 0.1 1
289.76 0.1 1
295.76 0.1 1
297.73 0.1 1
299.73 0.1 1
301.85 0.1 1
303.79 0.1 1
305.79 0.1 1
307.79 0.1 1
309.79 0.1 1
325.61 0.1 1
327.61 0.1 1
331.56 0.1 1
333.43 0.1 1
337.48 0.1 1
341.48 0.1 1
349.3 0.1 1
355.37 0.1 1
359.29 0.1 1
361.27 0.1 1
363.19 0.1 1
365.17 0.1 1
371.18 0.1 1
375.23 0.1 1
377.06 0.1 1
385.05 0.1 1
393 0.1 1
394.92 0.1 1
400.9 0.1 1
402.85 0.1 1
410.92 0.1 1
412.89 0.1 1
414.77 0.1 1
424.75 0.1 1
426.8 0.1 1
438.7 0.1 1
440.58 0.1 1
442.65 0.1 1
446.5 0.1 1
448.55 0.1 1
458.49 0.1 1
462.43 0.1 1
466.51 0.1 1
468.48 0.1 1
474.4 0.1 1
480.3 0.1 1
482.33 0.1 1
484.23 0.1 1
486.25 0.1 1
492.32 0.1 1
494.17 0.1 1
496.2 0.1 1
500.25 0.1 1
504.04 0.1 1
