4.27 0.1 1
6.12 0.1 1
10.14 0.1 1
12.09 0.1 1
18.14 0.1 1
20.01 0.1 1
22.09 0.1 1
24.07 0.1 1
26.06 0.1 1
34.01 0.1 1
35.85 0.1 1
37.96 0.1 1
41.77 0.1 1
45.82 0.1 1
47.72 0.1 1
49.87 0.1 1
51.7 0.1 1
57.67 0.1 1
67.66 0.1 1
69.59 0.1 1
71.58 0.1 1
73.56 0.1 1
77.49 0.1 1
79.59 0.1 1
81.55 0.1 1
85.56 0.1 1
87.4 0.1 1
89.43 0.1 1
91.42 0.1 1
95.52 0.1 1
107.37 0.1 1
121.19 0.1 1
125.11 0.1 1
127.2 0.1 1
131.05 0.1 1
133.1 0.1 1
135.2 0.1 1
137 0.1 1
138.97 0.1 1
145 0.1 1
146.99 0.1 1
151.04 0.1 1
153.06 0.1 1
154.96 0.1 1
162.93 0.1 1
166.84 0.1 1
168.83 0.1 1
170.76 0.1 1
172.75 0.1 1
176.71 0.1 1
182.67 0.1 1
184.72 0.1 1
190.72 0.1 1
194.57 0.1 1
198.47 0.1 1
202.49 0.1 1
208.41 0.1 1
214.46 0.1 1
218.43 0.1 1
224.28 0.1 1
228.4 0.1 1
238.17 0.1 1
244.25 0.1 1
246.12 0.1 1
250.16 0.1 1
258.06 0.1 1
260.03 0.1 1
262.05 0.1 1
264.06 0.1 1
266 0.1 1
269.9 0.1 1
273.9 0.1 1
275.87 0.1 1
279.94 0.1 1
285.79 0.1 1
289.72 0.1 1
295.69 0.1 1
297.69 0.1 1
299.84 0.1 1
301.73 0.1 1
303.73 0.1 1
305.63 0.1 1
307.64 0.1 1
309.68 0.1 1
325.49 0.1 1
327.44 0.1 1
331.44 0.1 1
333.37 0.1 1
337.47 0.1 1
341.36 0.1 1
349.26 0.1 1
355.21 0.1 1
359.3 0.1 1
361.2 0.1 1
363.26 0.1 1
365.18 0.1 1
371.24 0.1 1
375.07 0.1 1
377 0.1 1
385.12 0.1 1
392.91 0.1 1
394.96 0.1 1
401 0.1 1
402.86 0.1 1
410.83 0.1 1
412.88 0.1 1
414.68 0.1 1
424.7 0.1 1
426.77 0.1 1
438.51 0.1 1
440.59 0.1 1
442.56 0.1 1
446.58 0.1 1
448.43 0.1 1
458.35 0.1 1
462.28 0.1 1
466.32 0.1 1
468.4 0.1 1
474.19 0.1 1
480.34 0.1 1
482.23 0.1 1
484.14 0.1 1
486.23 0.1 1
492.18 0.1 1
494.16 0.1 1
496.13 0.1 1
500.08 0.1 1
504.07 0.1 1
