4.1 0.1 1
6.2 0.1 1
10.11 0.1 1
12.19 0.1 1
18.18 0.1 1
20.06 0.1 1
22.11 0.1 1
23.94 0.1 1
25.93 0.1 1
34.01 0.1 1
35.88 0.1 1
38.02 0.1 1
41.8 0.1 1
45.78 0.1 1
47.8 0.1 1
49.85 0.1 1
51.87 0.1 1
57.76 0.1 1
67.71 0.1 1
69.64 0.1 1
71.66 0.1 1
73.68 0.1 1
77.6 0.1 1
79.66 0.1 1
81.63 0.1 1
85.57 0.1 1
87.48 0.1 1
89.43 0.1 1
91.47 0.1 1
95.55 0.1 1
107.46 0.1 1
121.21 0.1 1
125.28 0.1 1
127.18 0.1 1
131.07 0.1 1
133.25 0.1 1
135.18 0.1 1
137.2 0.1 1
139.09 0.1 1
145.05 0.1 1
147.09 0.1 1
151.06 0.1 1
152.92 0.1 1
154.89 0.1 1
162.89 0.1 1
166.9 0.1 1
168.78 0.1 1
170.8 0.1 1
172.93 0.1 1
176.7 0.1 1
182.84 0.1 1
184.77 0.1 1
190.7 0.1 1
194.72 0.1 1
198.59 0.1 1
202.56 0.1 1
208.46 0.1 1
214.55 0.1 1
218.53 0.1 1
224.48 0.1 1
228.49 0.1 1
238.24 0.1 1
244.21 0.1 1
246.22 0.1 1
250.21 0.1 1
258.19 0.1 1
260.1 0.1 1
262.05 0.1 1
264.05 0.1 1
265.98 0.1 1
269.95 0.1 1
273.93 0.1 1
276.04 0.1 1
279.94 0.1 1
285.87 0.1 1
289.94 0.1 1
295.88 0.1 1
297.81 0.1 1
299.88 0.1 1
301.89 0.1 1
303.68 0.1 1
305.86 0.1 1
307.76 0.1 1
309.83 0.1 1
325.65 0.1 1
327.5 0.1 1
331.45 0.1 1
333.62 0.1 1
337.44 0.1 1
341.46 0.1 1
349.33 0.1 1
355.28 0.1 1
359.4 0.1 1
361.22 0.1 1
363.4 0.1 1
365.28 0.1 1
371.14 0.1 1
375.22 0.1 1
377.11 0.1 1
385.11 0.1 1
392.98 0.1 1
395.03 0.1 1
400.96 0.1 1
402.92 0.1 1
410.9 0.1 1
413 0.1 1
414.84 0.1 1
424.87 0.1 1
426.76 0.1 1
438.63 0.1 1
440.8 0.1 1
442.75 0.1 1
446.66 0.1 1
448.65 0.1 1
458.57 0.1 1
462.49 0.1 1
466.54 0.1 1
468.4 0.1 1
474.52 0.1 1
480.34 0.1 1
482.26 0.1 1
484.44 0.1 1
486.26 0.1 1
492.31 0.1 1
494.31 0.1 1
496.3 0.1 1
500.15 0.1 1
504.1 0.1 1
