4.19 0.1 1
6.11 0.1 1
10.07 0.1 1
12.03 0.1 1
18.09 0.1 1
19.98 0.1 1
22.11 0.1 1
24.11 0.1 1
26.08 0.1 1
33.87 0.1 1
36.02 0.1 1
37.88 0.1 1
41.79 0.1 1
45.84 0.1 1
47.79 0.1 1
49.91 0.1 1
51.81 0.1 1
57.67 0.1 1
67.71 0.1 1
69.58 0.1 1
71.7 0.1 1
73.58 0.1 1
77.67 0.1 1
79.68 0.1 1
81.5 0.1 1
85.62 0.1 1
87.54 0.1 1
89.42 0.1 1
91.5 0.1 1
95.52 0.1 1
107.43 0.1 1
121.28 0.1 1
125.28 0.1 1
127.18 0.1 1
131.13 0.1 1
133.15 0.1 1
135.05 0.1 1
137.15 0.1 1
139.12 0.1 1
144.97 0.1 1
147.09 0.1 1
150.94 0.1 1
152.89 0.1 1
154.91 0.1 1
162.81 0.1 1
166.75 0.1 1
168.82 0.1 1
170.92 0.1 1
172.75 0.1 1
176.87 0.1 1
182.64 0.1 1
184.72 0.1 1
190.67 0.1 1
194.61 0.1 1
198.51 0.1 1
202.59 0.1 1
208.46 0.1 1
214.57 0.1 1
218.5 0.1 1
224.29 0.1 1
228.42 0.1 1
238.31 0.1 1
244.28 0.1 1
246.16 0.1 1
250.28 0.1 1
258.21 0.1 1
260.08 0.1 1
262.08 0.1 1
264.02 0.1 1
266 0.1 1
270.04 0.1 1
274.09 0.1 1
275.97 0.1 1
279.94 0.1 1
285.89 0.1 1
289.89 0.1 1
295.91 0.1 1
297.86 0.1 1
299.68 0.1 1
301.76 0.1 1
303.7 0.1 1
305.8 0.1 1
307.7 0.1 1
309.77 0.1 1
325.47 0.1 1
327.52 0.1 1
331.56 0.1 1
333.58 0.1 1
337.38 0.1 1
341.53 0.1 1
349.3 0.1 1
355.27 0.1 1
359.33 0.1 1
361.17 0.1 1
363.34 0.1 1
365.27 0.1 1
371.29 0.1 1
375.24 0.1 1
377.19 0.1 1
385.14 0.1 1
392.96 0.1 1
395.08 0.1 1
400.88 0.1 1
402.93 0.1 1
410.97 0.1 1
412.9 0.1 1
414.94 0.1 1
424.82 0.1 1
426.69 0.1 1
438.6 0.1 1
440.55 0.1 1
442.63 0.1 1
446.53 0.1 1
448.52 0.1 1
458.44 0.1 1
462.36 0.1 1
466.36 0.1 1
468.34 0.1 1
474.44 0.1 1
480.33 0.1 1
482.2 0.1 1
484.35 0.1 1
486.21 0.1 1
492.2 0.1 1
494.12 0.1 1
496.15 0.1 1
500.19 0.1 1
504.2 0.1 1
