4.22 0.1 1
6.09 0.1 1
10.12 0.1 1
12.14 0.1 1
18.02 0.1 1
19.98 0.1 1
22.09 0.1 1
24.03 0.1 1
25.94 0.1 1
34 0.1 1
35.91 0.1 1
37.83 0.1 1
41.87 0.1 1
45.92 0.1 1
47.85 0.1 1
49.72 0.1 1
51.7 0.1 1
57.8 0.1 1
67.74 0.1 1
69.58 0.1 1
71.61 0.1 1
73.58 0.1 1
77.56 0.1 1
79.68 0.1 1
81.46 0.1 1
85.6 0.1 1
87.48 0.1 1
89.42 0.1 1
91.43 0.1 1
95.34 0.1 1
107.31 0.1 1
121.21 0.1 1
125.1 0.1 1
127.26 0.1 1
131.13 0.1 1
133.23 0.1 1
135.22 0.1 1
137 0.1 1
139.15 0.1 1
144.99 0.1 1
147.02 0.1 1
151.07 0.1 1
152.92 0.1 1
154.91 0.1 1
162.78 0.1 1
166.79 0.1 1
168.85 0.1 1
170.85 0.1 1
172.78 0.1 1
176.85 0.1 1
182.73 0.1 1
184.65 0.1 1
190.75 0.1 1
194.72 0.1 1
198.52 0.1 1
202.53 0.1 1
208.59 0.1 1
214.5 0.1 1
218.36 0.1 1
224.28 0.1 1
228.42 0.1 1
238.17 0.1 1
244.14 0.1 1
246.16 0.1 1
250.14 0.1 1
258.01 0.1 1
260.03 0.1 1
262.05 0.1 1
263.95 0.1 1
266 0.1 1
270.02 0.1 1
273.92 0.1 1
276.04 0.1 1
279.89 0.1 1
285.77 0.1 1
289.84 0.1 1
295.84 0.1 1
297.68 0.1 1
299.64 0.1 1
301.73 0.1 1
303.78 0.1 1
305.61 0.1 1
307.61 0.1 1
309.76 0.1 1
325.59 0.1 1
327.47 0.1 1
331.54 0.1 1
333.52 0.1 1
337.49 0.1 1
341.49 0.1 1
349.44 0.1 1
355.2 0.1 1
359.33 0.1 1
361.28 0.1 1
363.15 0.1 1
365.23 0.1 1
371.12 0.1 1
375.06 0.1 1
377.19 0.1 1
385.14 0.1 1
393.01 0.1 1
394.91 0.1 1
400.88 0.1 1
402.96 0.1 1
410.88 0.1 1
412.79 0.1 1
414.87 0.1 1
424.77 0.1 1
426.62 0.1 1
438.69 0.1 1
440.71 0.1 1
442.6 0.1 1
446.53 0.1 1
448.51 0.1 1
458.57 0.1 1
462.37 0.1 1
466.32 0.1 1
468.36 0.1 1
474.37 0.1 1
480.31 0.1 1
482.24 0.1 1
484.16 0.1 1
486.26 0.1 1
492.26 0.1 1
494.13 0.1 1
496.06 0.1 1
500.23 0.1 1
504.19 0.1 1
