4.27 0.1 1
6.11 0.1 1
10.04 0.1 1
12.12 0.1 1
18.16 0.1 1
20.08 0.1 1
22.05 0.1 1
24 0.1 1
26.01 0.1 1
33.85 0.1 1
36.02 0.1 1
37.95 0.1 1
41.87 0.1 1
45.95 0.1 1
47.92 0.1 1
49.92 0.1 1
51.76 0.1 1
57.67 0.1 1
67.64 0.1 1
69.66 0.1 1
71.65 0.1 1
73.71 0.1 1
77.55 0.1 1
79.57 0.1 1
81.67 0.1 1
85.45 0.1 1
87.48 0.1 1
89.45 0.1 1
91.42 0.1 1
95.41 0.1 1
107.41 0.1 1
121.26 0.1 1
125.23 0.1 1
127.25 0.1 1
131.12 0.1 1
133.09 0.1 1
135.12 0.1 1
137.15 0.1 1
139.17 0.1 1
145.06 0.1 1
146.94 0.1 1
150.93 0.1 1
152.89 0.1 1
154.93 0.1 1
162.95 0.1 1
166.95 0.1 1
168.73 0.1 1
170.73 0.1 1
172.88 0.1 1
176.65 0.1 1
182.62 0.1 1
184.62 0.1 1
190.71 0.1 1
194.61 0.1 1
198.59 0.1 1
202.51 0.1 1
208.56 0.1 1
214.33 0.1 1
218.45 0.1 1
224.33 0.1 1
228.32 0.1 1
238.34 0.1 1
244.24 0.1 1
246.08 0.1 1
250.16 0.1 1
258 0.1 1
259.96 0.1 1
261.95 0.1 1
264 0.1 1
265.95 0.1 1
269.92 0.1 1
274 0.1 1
276.02 0.1 1
279.9 0.1 1
285.87 0.1 1
289.74 0.1 1
295.79 0.1 1
297.81 0.1 1
299.85 0.1 1
301.71 0.1 1
303.78 0.1 1
305.66 0.1 1
307.78 0.1 1
309.68 0.1 1
325.54 0.1 1
327.5 0.1 1
331.39 0.1 1
333.51 0.1 1
337.49 0.1 1
341.48 0.1 1
349.28 0.1 1
355.26 0.1 1
359.25 0.1 1
361.32 0.1 1
363.25 0.1 1
365.2 0.1 1
371.24 0.1 1
375.07 0.1 1
377.19 0.1 1
385.14 0.1 1
392.89 0.1 1
395.08 0.1 1
400.87 0.1 1
403.01 0.1 1
410.82 0.1 1
412.9 0.1 1
414.72 0.1 1
424.74 0.1 1
426.64 0.1 1
438.64 0.1 1
440.6 0.1 1
442.58 0.1 1
446.66 0.1 1
448.56 0.1 1
458.47 0.1 1
462.47 0.1 1
466.32 0.1 1
468.46 0.1 1
474.31 0.1 1
480.23 0.1 1
482.38 0.1 1
484.26 0.1 1
486.16 0.1 1
492.15 0.1 1
494.12 0.1 1
496.18 0.1 1
500.08 0.1 1
504.17 0.1 1
