4.29 0.1 1
6.24 0.1 1
10.12 0.1 1
12.07 0.1 1
18.01 0.1 1
20.07 0.1 1
21.99 0.1 1
24.08 0.1 1
26.03 0.1 1
33.95 0.1 1
35.88 0.1 1
37.91 0.1 1
41.97 0.1 1
45.75 0.1 1
47.77 0.1 1
49.9 0.1 1
51.82 0.1 1
57.85 0.1 1
67.72 0.1 1
69.62 0.1 1
71.71 0.1 1
73.58 0.1 1
77.66 0.1 1
79.68 0.1 1
81.55 0.1 1
85.45 0.1 1
87.6 0.1 1
89.47 0.1 1
91.47 0.1 1
95.45 0.1 1
107.36 0.1 1
121.18 0.1 1
125.16 0.1 1
127.26 0.1 1
131.18 0.1 1
133.03 0.1 1
135.05 0.1 1
137.03 0.1 1
139.05 0.1 1
145.04 0.1 1
147.05 0.1 1
151.07 0.1 1
153.01 0.1 1
154.97 0.1 1
162.83 0.1 1
166.88 0.1 1
168.93 0.1 1
170.91 0.1 1
172.78 0.1 1
176.71 0.1 1
182.83 0.1 1
184.72 0.1 1
190.72 0.1 1
194.72 0.1 1
198.69 0.1 1
202.49 0.1 1
208.56 0.1 1
214.43 0.1 1
218.48 0.1 1
224.4 0.1 1
228.27 0.1 1
238.2 0.1 1
244.27 0.1 1
246.31 0.1 1
250.21 0.1 1
258.19 0.1 1
260.18 0.1 1
262.18 0.1 1
264.03 0.1 1
265.98 0.1 1
269.98 0.1 1
273.9 0.1 1
276.05 0.1 1
280 0.1 1
285.84 0.1 1
289.91 0.1 1
295.77 0.1 1
297.74 0.1 1
299.79 0.1 1
301.68 0.1 1
303.73 0.1 1
305.76 0.1 1
307.78 0.1 1
309.63 0.1 1
325.65 0.1 1
327.54 0.1 1
331.49 0.1 1
333.52 0.1 1
337.56 0.1 1
341.34 0.1 1
349.39 0.1 1
355.33 0.1 1
359.18 0.1 1
361.23 0.1 1
363.23 0.1 1
365.27 0.1 1
371.08 0.1 1
375.17 0.1 1
377.02 0.1 1
385.04 0.1 1
393.06 0.1 1
394.91 0.1 1
400.96 0.1 1
402.85 0.1 1
410.88 0.1 1
412.85 0.1 1
414.75 0.1 1
424.75 0.1 1
426.81 0.1 1
438.68 0.1 1
440.66 0.1 1
442.56 0.1 1
446.6 0.1 1
448.58 0.1 1
458.47 0.1 1
462.54 0.1 1
466.3 0.1 1
468.29 0.1 1
474.37 0.1 1
480.34 0.1 1
482.36 0.1 1
484.18 0.1 1
486.28 0.1 1
492.18 0.1 1
494.26 0.1 1
496.18 0.1 1
500.15 0.1 1
504.02 0.1 1
