4.27 0.1 1
6.2 0.1 1
10.23 0.1 1
12.12 0.1 1
18.09 0.1 1
20 0.1 1
22.09 0.1 1
24.12 0.1 1
25.94 0.1 1
33.84 0.1 1
36.01 0.1 1
37.86 0.1 1
41.81 0.1 1
45.93 0.1 1
47.87 0.1 1
49.92 0.1 1
51.73 0.1 1
57.8 0.1 1
67.62 0.1 1
69.74 0.1 1
71.71 0.1 1
73.59 0.1 1
77.53 0.1 1
79.59 0.1 1
81.64 0.1 1
85.48 0.1 1
87.61 0.1 1
89.58 0.1 1
91.42 0.1 1
95.35 0.1 1
107.34 0.1 1
121.24 0.1 1
125.29 0.1 1
127.14 0.1 1
131.25 0.1 1
133.2 0.1 1
135.11 0.1 1
137.08 0.1 1
139.08 0.1 1
144.95 0.1 1
146.99 0.1 1
150.87 0.1 1
153.05 0.1 1
154.87 0.1 1
162.79 0.1 1
166.82 0.1 1
168.91 0.1 1
170.76 0.1 1
172.78 0.1 1
176.71 0.1 1
182.78 0.1 1
184.56 0.1 1
190.68 0.1 1
194.63 0.1 1
198.64 0.1 1
202.52 0.1 1
208.49 0.1 1
214.44 0.1 1
218.33 0.1 1
224.35 0.1 1
228.38 0.1 1
238.18 0.1 1
244.14 0.1 1
246.15 0.1 1
250.06 0.1 1
258.16 0.1 1
260.14 0.1 1
262.08 0.1 1
264.04 0.1 1
266.05 0.1 1
270.06 0.1 1
273.95 0.1 1
275.96 0.1 1
279.98 0.1 1
285.77 0.1 1
289.9 0.1 1
295.7 0.1 1
297.74 0.1 1
299.72 0.1 1
301.82 0.1 1
303.66 0.1 1
305.63 0.1 1
307.61 0.1 1
309.59 0.1 1
325.62 0.1 1
327.5 0.1 1
331.42 0.1 1
333.57 0.1 1
337.54 0.1 1
341.49 0.1 1
349.32 0.1 1
355.24 0.1 1
359.33 0.1 1
361.28 0.1 1
363.16 0.1 1
365.28 0.1 1
371.12 0.1 1
375.12 0.1 1
377.22 0.1 1
385.06 0.1 1
393.02 0.1 1
394.96 0.1 1
400.83 0.1 1
402.89 0.1 1
410.95 0.1 1
412.87 0.1 1
414.8 0.1 1
424.65 0.1 1
426.62 0.1 1
438.54 0.1 1
440.61 0.1 1
442.52 0.1 1
446.66 0.1 1
448.54 0.1 1
458.38 0.1 1
462.4 0.1 1
466.42 0.1 1
468.4 0.1 1
474.37 0.1 1
480.32 0.1 1
482.19 0.1 1
484.24 0.1 1
486.19 0.1 1
492.16 0.1 1
494.23 0.1 1
496.13 0.1 1
500.18 0.1 1
504.18 0.1 1
