4.18 0.1 1
6.1 0.1 1
10.05 0.1 1
12.17 0.1 1
18 0.1 1
20.14 0.1 1
21.97 0.1 1
24.12 0.1 1
26.07 0.1 1
33.86 0.1 1
35.99 0.1 1
37.91 0.1 1
41.94 0.1 1
45.84 0.1 1
47.86 0.1 1
49.91 0.1 1
51.88 0.1 1
57.77 0.1 1
67.7 0.1 1
69.57 0.1 1
71.54 0.1 1
73.52 0.1 1
77.69 0.1 1
79.57 0.1 1
81.49 0.1 1
85.59 0.1 1
87.56 0.1 1
89.49 0.1 1
91.5 0.1 1
95.51 0.1 1
107.33 0.1 1
121.21 0.1 1
125.27 0.1 1
127.16 0.1 1
131.24 0.1 1
133.06 0.1 1
135.19 0.1 1
137.06 0.1 1
139.11 0.1 1
145.08 0.1 1
147.1 0.1 1
150.93 0.1 1
153.02 0.1 1
155.07 0.1 1
162.94 0.1 1
166.87 0.1 1
168.94 0.1 1
170.94 0.1 1
172.92 0.1 1
176.84 0.1 1
182.81 0.1 1
184.75 0.1 1
190.6 0.1 1
194.75 0.1 1
198.67 0.1 1
202.62 0.1 1
208.5 0.1 1
214.42 0.1 1
218.51 0.1 1
224.31 0.1 1
228.46 0.1 1
238.4 0.1 1
244.28 0.1 1
246.27 0.1 1
250.1 0.1 1
258.14 0.1 1
260.04 0.1 1
262.16 0.1 1
264.12 0.1 1
265.97 0.1 1
270.06 0.1 1
274.08 0.1 1
275.91 0.1 1
279.95 0.1 1
285.88 0.1 1
289.9 0.1 1
295.75 0.1 1
297.89 0.1 1
299.72 0.1 1
301.75 0.1 1
303.84 0.1 1
305.74 0.1 1
307.69 0.1 1
309.79 0.1 1
325.68 0.1 1
327.66 0.1 1
331.63 0.1 1
333.56 0.1 1
337.58 0.1 1
341.42 0.1 1
349.3 0.1 1
355.39 0.1 1
359.26 0.1 1
361.24 0.1 1
363.26 0.1 1
365.36 0.1 1
371.15 0.1 1
375.1 0.1 1
377.21 0.1 1
385.07 0.1 1
393.12 0.1 1
394.97 0.1 1
400.94 0.1 1
403.04 0.1 1
410.86 0.1 1
412.88 0.1 1
414.93 0.1 1
424.85 0.1 1
426.88 0.1 1
438.75 0.1 1
440.69 0.1 1
442.57 0.1 1
446.52 0.1 1
448.62 0.1 1
458.48 0.1 1
462.41 0.1 1
466.53 0.1 1
468.48 0.1 1
474.4 0.1 1
480.25 0.1 1
482.44 0.1 1
484.27 0.1 1
486.35 0.1 1
492.29 0.1 1
494.24 0.1 1
496.14 0.1 1
500.13 0.1 1
504.11 0.1 1
