4.18 0.1 1
6.12 0.1 1
10.22 0.1 1
12.02 0.1 1
18.06 0.1 1
20.09 0.1 1
22.02 0.1 1
23.99 0.1 1
25.94 0.1 1
33.95 0.1 1
35.88 0.1 1
37.93 0.1 1
41.95 0.1 1
45.77 0.1 1
47.77 0.1 1
49.78 0.1 1
51.72 0.1 1
57.72 0.1 1
67.57 0.1 1
69.59 0.1 1
71.67 0.1 1
73.68 0.1 1
77.66 0.1 1
79.59 0.1 1
81.53 0.1 1
85.53 0.1 1
87.56 0.1 1
89.56 0.1 1
91.58 0.1 1
95.42 0.1 1
107.32 0.1 1
121.16 0.1 1
125.29 0.1 1
127.23 0.1 1
131.2 0.1 1
133.2 0.1 1
135.11 0.1 1
137.13 0.1 1
139.17 0.1 1
144.97 0.1 1
146.97 0.1 1
150.94 0.1 1
152.92 0.1 1
154.87 0.1 1
162.87 0.1 1
166.98 0.1 1
168.88 0.1 1
170.93 0.1 1
172.88 0.1 1
176.86 0.1 1
182.66 0.1 1
184.63 0.1 1
190.65 0.1 1
194.7 0.1 1
198.7 0.1 1
202.52 0.1 1
208.54 0.1 1
214.54 0.1 1
218.49 0.1 1
224.48 0.1 1
228.37 0.1 1
238.4 0.1 1
244.32 0.1 1
246.22 0.1 1
250.27 0.1 1
258.18 0.1 1
260.08 0.1 1
262.09 0.1 1
264.11 0.1 1
266.1 0.1 1
270.13 0.1 1
274.03 0.1 1
275.88 0.1 1
280 0.1 1
285.85 0.1 1
289.77 0.1 1
295.82 0.1 1
297.71 0.1 1
299.77 0.1 1
301.77 0.1 1
303.66 0.1 1
305.71 0.1 1
307.79 0.1 1
309.71 0.1 1
325.5 0.1 1
327.65 0.1 1
331.5 0.1 1
333.4 0.1 1
337.5 0.1 1
341.37 0.1 1
349.41 0.1 1
355.39 0.1 1
359.19 0.1 1
361.36 0.1 1
363.21 0.1 1
365.33 0.1 1
371.1 0.1 1
375.27 0.1 1
377.22 0.1 1
385.15 0.1 1
392.92 0.1 1
395.02 0.1 1
400.91 0.1 1
402.98 0.1 1
410.85 0.1 1
412.91 0.1 1
414.92 0.1 1
424.79 0.1 1
426.8 0.1 1
438.67 0.1 1
440.71 0.1 1
442.59 0.1 1
446.63 0.1 1
448.59 0.1 1
458.5 0.1 1
462.56 0.1 1
466.43 0.1 1
468.5 0.1 1
474.45 0.1 1
480.42 0.1 1
482.24 0.1 1
484.24 0.1 1
486.21 0.1 1
492.21 0.1 1
494.21 0.1 1
496.14 0.1 1
500.11 0.1 1
504.06 0.1 1
