4.26 0.1 1
6.14 0.1 1
10.16 0.1 1
12.11 0.1 1
18.03 0.1 1
20.01 0.1 1
21.96 0.1 1
24.08 0.1 1
25.93 0.1 1
34 0.1 1
35.99 0.1 1
38.02 0.1 1
41.89 0.1 1
45.92 0.1 1
47.82 0.1 1
49.77 0.1 1
51.79 0.1 1
57.81 0.1 1
67.78 0.1 1
69.61 0.1 1
71.68 0.1 1
73.6 0.1 1
77.7 0.1 1
79.57 0.1 1
81.64 0.1 1
85.6 0.1 1
87.44 0.1 1
89.45 0.1 1
91.59 0.1 1
95.47 0.1 1
107.33 0.1 1
121.2 0.1 1
125.3 0.1 1
127.22 0.1 1
131.15 0.1 1
133.12 0.1 1
135.22 0.1 1
137.12 0.1 1
139.07 0.1 1
145.11 0.1 1
146.99 0.1 1
151.01 0.1 1
153.03 0.1 1
154.98 0.1 1
162.97 0.1 1
166.98 0.1 1
168.87 0.1 1
170.9 0.1 1
172.85 0.1 1
176.74 0.1 1
182.82 0.1 1
184.82 0.1 1
190.72 0.1 1
194.64 0.1 1
198.66 0.1 1
202.53 0.1 1
208.45 0.1 1
214.5 0.1 1
218.55 0.1 1
224.39 0.1 1
228.47 0.1 1
238.21 0.1 1
244.24 0.1 1
246.16 0.1 1
250.2 0.1 1
258.25 0.1 1
260.07 0.1 1
262.2 0.1 1
264.05 0.1 1
266.15 0.1 1
270.09 0.1 1
273.97 0.1 1
276.04 0.1 1
279.99 0.1 1
285.94 0.1 1
289.89 0.1 1
295.88 0.1 1
297.91 0.1 1
299.75 0.1 1
301.75 0.1 1
303.75 0.1 1
305.68 0.1 1
307.85 0.1 1
309.8 0.1 1
325.71 0.1 1
327.57 0.1 1
331.58 0.1 1
333.48 0.1 1
337.51 0.1 1
341.55 0.1 1
349.43 0.1 1
355.32 0.1 1
359.34 0.1 1
361.29 0.1 1
363.32 0.1 1
365.19 0.1 1
371.16 0.1 1
375.27 0.1 1
377.14 0.1 1
385.23 0.1 1
392.98 0.1 1
395.06 0.1 1
401.03 0.1 1
403 0.1 1
410.92 0.1 1
412.9 0.1 1
414.99 0.1 1
424.86 0.1 1
426.74 0.1 1
438.71 0.1 1
440.75 0.1 1
442.73 0.1 1
446.62 0.1 1
448.52 0.1 1
458.59 0.1 1
462.57 0.1 1
466.37 0.1 1
468.52 0.1 1
474.43 0.1 1
480.38 0.1 1
482.35 0.1 1
484.23 0.1 1
486.25 0.1 1
492.28 0.1 1
494.15 0.1 1
496.22 0.1 1
500.19 0.1 1
504.19 0.1 1
