4.09 0.1 1
6.22 0.1 1
10.05 0.1 1
12.14 0.1 1
18.16 0.1 1
19.99 0.1 1
22.13 0.1 1
24.09 0.1 1
25.93 0.1 1
33.85 0.1 1
35.85 0.1 1
37.91 0.1 1
41.87 0.1 1
45.88 0.1 1
47.92 0.1 1
49.85 0.1 1
51.84 0.1 1
57.76 0.1 1
67.64 0.1 1
69.73 0.1 1
71.63 0.1 1
73.66 0.1 1
77.53 0.1 1
79.66 0.1 1
81.47 0.1 1
85.47 0.1 1
87.38 0.1 1
89.5 0.1 1
91.47 0.1 1
95.4 0.1 1
107.41 0.1 1
121.15 0.1 1
125.13 0.1 1
127.06 0.1 1
131.2 0.1 1
133 0.1 1
135.05 0.1 1
137.1 0.1 1
138.97 0.1 1
144.99 0.1 1
146.94 0.1 1
150.92 0.1 1
152.84 0.1 1
154.97 0.1 1
162.79 0.1 1
166.9 0.1 1
168.75 0.1 1
170.72 0.1 1
172.76 0.1 1
176.72 0.1 1
182.59 0.1 1
184.7 0.1 1
190.62 0.1 1
194.62 0.1 1
198.66 0.1 1
202.63 0.1 1
208.46 0.1 1
214.36 0.1 1
218.47 0.1 1
224.27 0.1 1
228.34 0.1 1
238.27 0.1 1
244.14 0.1 1
246.13 0.1 1
250.08 0.1 1
257.95 0.1 1
260.01 0.1 1
262.06 0.1 1
264.03 0.1 1
266.02 0.1 1
269.99 0.1 1
273.9 0.1 1
275.97 0.1 1
279.79 0.1 1
285.87 0.1 1
289.88 0.1 1
295.85 0.1 1
297.68 0.1 1
299.73 0.1 1
301.76 0.1 1
303.58 0.1 1
305.65 0.1 1
307.6 0.1 1
309.53 0.1 1
325.44 0.1 1
327.51 0.1 1
331.46 0.1 1
333.43 0.1 1
337.51 0.1 1
341.44 0.1 1
349.23 0.1 1
355.35 0.1 1
359.22 0.1 1
361.22 0.1 1
363.22 0.1 1
365.12 0.1 1
371.21 0.1 1
375.02 0.1 1
376.99 0.1 1
385.05 0.1 1
392.93 0.1 1
394.95 0.1 1
400.8 0.1 1
402.85 0.1 1
410.79 0.1 1
412.74 0.1 1
414.89 0.1 1
424.64 0.1 1
426.78 0.1 1
438.56 0.1 1
440.65 0.1 1
442.48 0.1 1
446.55 0.1 1
448.62 0.1 1
458.36 0.1 1
462.32 0.1 1
466.43 0.1 1
468.43 0.1 1
474.35 0.1 1
480.16 0.1 1
482.21 0.1 1
484.3 0.1 1
486.23 0.1 1
492.08 0.1 1
494.08 0.1 1
496.24 0.1 1
500.04 0.1 1
504.04 0.1 1
