4.15 0.1 1
6.22 0.1 1
10.06 0.1 1
12.14 0.1 1
18.16 0.1 1
20.13 0.1 1
22.06 0.1 1
24.06 0.1 1
26.03 0.1 1
34 0.1 1
36 0.1 1
37.95 0.1 1
41.82 0.1 1
45.87 0.1 1
47.92 0.1 1
49.8 0.1 1
51.79 0.1 1
57.77 0.1 1
67.76 0.1 1
69.59 0.1 1
71.61 0.1 1
73.66 0.1 1
77.56 0.1 1
79.5 0.1 1
81.67 0.1 1
85.57 0.1 1
87.48 0.1 1
89.48 0.1 1
91.54 0.1 1
95.55 0.1 1
107.38 0.1 1
121.2 0.1 1
125.13 0.1 1
127.22 0.1 1
131.1 0.1 1
133.08 0.1 1
135.24 0.1 1
137.19 0.1 1
139.09 0.1 1
145.09 0.1 1
147.09 0.1 1
151.09 0.1 1
153.04 0.1 1
154.86 0.1 1
162.83 0.1 1
166.85 0.1 1
168.81 0.1 1
170.75 0.1 1
172.7 0.1 1
176.83 0.1 1
182.69 0.1 1
184.77 0.1 1
190.59 0.1 1
194.52 0.1 1
198.66 0.1 1
202.54 0.1 1
208.44 0.1 1
214.4 0.1 1
218.47 0.1 1
224.4 0.1 1
228.3 0.1 1
238.24 0.1 1
244.22 0.1 1
246.28 0.1 1
250.06 0.1 1
258.18 0.1 1
260.1 0.1 1
262 0.1 1
264.05 0.1 1
266.12 0.1 1
269.92 0.1 1
274.07 0.1 1
276.05 0.1 1
279.9 0.1 1
285.81 0.1 1
289.86 0.1 1
295.69 0.1 1
297.71 0.1 1
299.71 0.1 1
301.81 0.1 1
303.65 0.1 1
305.66 0.1 1
307.73 0.1 1
309.75 0.1 1
325.64 0.1 1
327.59 0.1 1
331.44 0.1 1
333.49 0.1 1
337.43 0.1 1
341.43 0.1 1
349.4 0.1 1
355.38 0.1 1
359.22 0.1 1
361.32 0.1 1
363.29 0.1 1
365.13 0.1 1
371.24 0.1 1
375.09 0.1 1
377.17 0.1 1
385.06 0.1 1
393 0.1 1
394.95 0.1 1
400.87 0.1 1
402.98 0.1 1
410.87 0.1 1
412.94 0.1 1
414.74 0.1 1
424.77 0.1 1
426.77 0.1 1
438.64 0.1 1
440.53 0.1 1
442.66 0.1 1
446.53 0.1 1
448.48 0.1 1
458.44 0.1 1
462.4 0.1 1
466.41 0.1 1
468.47 0.1 1
474.29 0.1 1
480.26 0.1 1
482.16 0.1 1
484.23 0.1 1
486.18 0.1 1
492.26 0.1 1
494.12 0.1 1
496.2 0.1 1
500.17 0.1 1
504.15 0.1 1
