4.26 0.1 1
6.08 0.1 1
10.07 0.1 1
12.15 0.1 1
18.06 0.1 1
19.91 0.1 1
21.86 0.1 1
23.87 0.1 1
25.77 0.1 1
33.78 0.1 1
35.68 0.1 1
37.76 0.1 1
41.6 0.1 1
45.55 0.1 1
47.64 0.1 1
49.63 0.1 1
51.45 0.1 1
57.48 0.1 1
67.49 0.1 1
69.3 0.1 1
71.36 0.1 1
73.22 0.1 1
77.22 0.1 1
79.31 0.1 1
81.09 0.1 1
85.13 0.1 1
87.18 0.1 1
89.12 0.1 1
91.08 0.1 1
94.97 0.1 1
106.83 0.1 1
120.8 0.1 1
124.84 0.1 1
126.62 0.1 1
130.56 0.1 1
132.63 0.1 1
134.6 0.1 1
136.58 0.1 1
138.5 0.1 1
144.56 0.1 1
146.49 0.1 1
150.34 0.1 1
152.36 0.1 1
154.3 0.1 1
162.31 0.1 1
166.31 0.1 1
168.2 0.1 1
170.15 0.1 1
172.2 0.1 1
176.12 0.1 1
182.06 0.1 1
183.93 0.1 1
189.88 0.1 1
193.79 0.1 1
197.89 0.1 1
201.8 0.1 1
207.79 0.1 1
213.69 0.1 1
217.56 0.1 1
223.6 0.1 1
227.59 0.1 1
237.48 0.1 1
243.44 0.1 1
245.26 0.1 1
249.31 0.1 1
257.3 0.1 1
259.24 0.1 1
261.07 0.1 1
263.03 0.1 1
264.98 0.1 1
269.05 0.1 1
272.89 0.1 1
274.97 0.1 1
278.91 0.1 1
284.83 0.1 1
288.8 0.1 1
294.77 0.1 1
296.61 0.1 1
298.76 0.1 1
300.56 0.1 1
302.7 0.1 1
304.62 0.1 1
306.57 0.1 1
308.42 0.1 1
324.32 0.1 1
326.31 0.1 1
330.34 0.1 1
332.36 0.1 1
336.13 0.1 1
340.17 0.1 1
348.01 0.1 1
354.08 0.1 1
357.99 0.1 1
359.87 0.1 1
362.04 0.1 1
363.83 0.1 1
369.92 0.1 1
373.9 0.1 1
375.67 0.1 1
383.7 0.1 1
391.61 0.1 1
393.69 0.1 1
399.55 0.1 1
401.47 0.1 1
409.52 0.1 1
411.33 0.1 1
413.36 0.1 1
423.17 0.1 1
425.34 0.1 1
437.2 0.1 1
439 0.1 1
441.07 0.1 1
444.94 0.1 1
446.98 0.1 1
456.99 0.1 1
460.83 0.1 1
464.71 0.1 1
466.83 0.1 1
472.65 0.1 1
478.56 0.1 1
480.68 0.1 1
482.53 0.1 1
484.67 0.1 1
490.46 0.1 1
492.46 0.1 1
494.38 0.1 1
498.43 0.1 1
502.27 0.1 1
