4.1 0.1 1
6.12 0.1 1
10.05 0.1 1
12.13 0.1 1
18.02 0.1 1
20.14 0.1 1
22.02 0.1 1
24.09 0.1 1
25.92 0.1 1
33.96 0.1 1
35.96 0.1 1
37.86 0.1 1
41.81 0.1 1
45.85 0.1 1
47.73 0.1 1
49.87 0.1 1
51.88 0.1 1
57.85 0.1 1
67.7 0.1 1
69.74 0.1 1
71.57 0.1 1
73.52 0.1 1
77.66 0.1 1
79.61 0.1 1
81.54 0.1 1
85.51 0.1 1
87.43 0.1 1
89.56 0.1 1
91.56 0.1 1
95.52 0.1 1
107.32 0.1 1
121.14 0.1 1
125.24 0.1 1
127.26 0.1 1
131.13 0.1 1
133.08 0.1 1
135.03 0.1 1
137.13 0.1 1
139.13 0.1 1
145.1 0.1 1
147 0.1 1
150.94 0.1 1
153.02 0.1 1
154.99 0.1 1
162.82 0.1 1
166.91 0.1 1
168.94 0.1 1
170.86 0.1 1
172.79 0.1 1
176.76 0.1 1
182.76 0.1 1
184.71 0.1 1
190.63 0.1 1
194.53 0.1 1
198.54 0.1 1
202.5 0.1 1
208.51 0.1 1
214.49 0.1 1
218.38 0.1 1
224.46 0.1 1
228.41 0.1 1
238.35 0.1 1
244.22 0.1 1
246.17 0.1 1
250.12 0.1 1
258.16 0.1 1
260.12 0.1 1
262.18 0.1 1
264.06 0.1 1
265.96 0.1 1
270.06 0.1 1
273.91 0.1 1
275.88 0.1 1
280 0.1 1
285.95 0.1 1
289.79 0.1 1
295.85 0.1 1
297.74 0.1 1
299.87 0.1 1
301.74 0.1 1
303.82 0.1 1
305.66 0.1 1
307.68 0.1 1
309.69 0.1 1
325.5 0.1 1
327.57 0.1 1
331.57 0.1 1
333.4 0.1 1
337.37 0.1 1
341.42 0.1 1
349.46 0.1 1
355.31 0.1 1
359.19 0.1 1
361.19 0.1 1
363.28 0.1 1
365.21 0.1 1
371.17 0.1 1
375.15 0.1 1
377.08 0.1 1
384.99 0.1 1
393.01 0.1 1
395.06 0.1 1
400.84 0.1 1
402.84 0.1 1
410.83 0.1 1
412.95 0.1 1
414.8 0.1 1
424.69 0.1 1
426.67 0.1 1
438.72 0.1 1
440.69 0.1 1
442.71 0.1 1
446.61 0.1 1
448.61 0.1 1
458.45 0.1 1
462.55 0.1 1
466.35 0.1 1
468.37 0.1 1
474.37 0.1 1
480.39 0.1 1
482.36 0.1 1
484.24 0.1 1
486.16 0.1 1
492.23 0.1 1
494.26 0.1 1
496.09 0.1 1
500.21 0.1 1
504.2 0.1 1
