4.13 0.1 1
6.1 0.1 1
10.12 0.1 1
12.02 0.1 1
18.15 0.1 1
20.09 0.1 1
22.05 0.1 1
24.12 0.1 1
26.07 0.1 1
34.02 0.1 1
35.84 0.1 1
37.86 0.1 1
41.96 0.1 1
45.86 0.1 1
47.78 0.1 1
49.78 0.1 1
51.76 0.1 1
57.8 0.1 1
67.62 0.1 1
69.62 0.1 1
71.65 0.1 1
73.66 0.1 1
77.66 0.1 1
79.67 0.1 1
81.66 0.1 1
85.58 0.1 1
87.61 0.1 1
89.41 0.1 1
91.38 0.1 1
95.55 0.1 1
107.37 0.1 1
121.32 0.1 1
125.27 0.1 1
127.12 0.1 1
131.18 0.1 1
133.09 0.1 1
135.18 0.1 1
137.13 0.1 1
139 0.1 1
144.95 0.1 1
147.08 0.1 1
151.1 0.1 1
152.9 0.1 1
154.95 0.1 1
162.87 0.1 1
166.91 0.1 1
168.84 0.1 1
170.92 0.1 1
172.74 0.1 1
176.88 0.1 1
182.83 0.1 1
184.73 0.1 1
190.76 0.1 1
194.56 0.1 1
198.52 0.1 1
202.5 0.1 1
208.45 0.1 1
214.52 0.1 1
218.52 0.1 1
224.38 0.1 1
228.28 0.1 1
238.21 0.1 1
244.25 0.1 1
246.15 0.1 1
250.22 0.1 1
258.15 0.1 1
260.12 0.1 1
262.06 0.1 1
264.09 0.1 1
266.07 0.1 1
269.99 0.1 1
273.96 0.1 1
275.94 0.1 1
279.85 0.1 1
285.96 0.1 1
289.85 0.1 1
295.87 0.1 1
297.75 0.1 1
299.75 0.1 1
301.82 0.1 1
303.85 0.1 1
305.65 0.1 1
307.75 0.1 1
309.67 0.1 1
325.56 0.1 1
327.65 0.1 1
331.6 0.1 1
333.48 0.1 1
337.42 0.1 1
341.42 0.1 1
349.34 0.1 1
355.24 0.1 1
359.36 0.1 1
361.24 0.1 1
363.21 0.1 1
365.26 0.1 1
371.16 0.1 1
375.1 0.1 1
377.08 0.1 1
385.07 0.1 1
392.94 0.1 1
395.04 0.1 1
400.87 0.1 1
402.91 0.1 1
410.96 0.1 1
412.96 0.1 1
414.78 0.1 1
424.68 0.1 1
426.78 0.1 1
438.72 0.1 1
440.62 0.1 1
442.74 0.1 1
446.69 0.1 1
448.66 0.1 1
458.58 0.1 1
462.54 0.1 1
466.55 0.1 1
468.35 0.1 1
474.35 0.1 1
480.43 0.1 1
482.37 0.1 1
484.2 0.1 1
486.3 0.1 1
492.32 0.1 1
494.31 0.1 1
496.29 0.1 1
500.16 0.1 1
504.04 0.1 1
