4.21 0.1 1
6.1 0.1 1
10.05 0.1 1
12.11 0.1 1
18.03 0.1 1
20.1 0.1 1
21.97 0.1 1
24.07 0.1 1
26.04 0.1 1
34.04 0.1 1
35.84 0.1 1
37.91 0.1 1
41.88 0.1 1
45.78 0.1 1
47.88 0.1 1
49.91 0.1 1
51.71 0.1 1
57.73 0.1 1
67.75 0.1 1
69.6 0.1 1
71.59 0.1 1
73.69 0.1 1
77.52 0.1 1
79.59 0.1 1
81.44 0.1 1
85.59 0.1 1
87.44 0.1 1
89.51 0.1 1
91.48 0.1 1
95.36 0.1 1
107.23 0.1 1
121.22 0.1 1
125.17 0.1 1
127.17 0.1 1
131.24 0.1 1
133.11 0.1 1
135.16 0.1 1
136.99 0.1 1
138.96 0.1 1
145.1 0.1 1
146.96 0.1 1
151.01 0.1 1
152.87 0.1 1
154.95 0.1 1
162.82 0.1 1
166.82 0.1 1
168.84 0.1 1
170.85 0.1 1
172.81 0.1 1
176.76 0.1 1
182.69 0.1 1
184.71 0.1 1
190.73 0.1 1
194.58 0.1 1
198.68 0.1 1
202.45 0.1 1
208.44 0.1 1
214.35 0.1 1
218.51 0.1 1
224.28 0.1 1
228.33 0.1 1
238.35 0.1 1
244.2 0.1 1
246.17 0.1 1
250.07 0.1 1
258.15 0.1 1
259.97 0.1 1
262.06 0.1 1
264.11 0.1 1
266.11 0.1 1
270.06 0.1 1
273.99 0.1 1
275.88 0.1 1
279.86 0.1 1
285.85 0.1 1
289.75 0.1 1
295.85 0.1 1
297.74 0.1 1
299.84 0.1 1
301.75 0.1 1
303.79 0.1 1
305.79 0.1 1
307.67 0.1 1
309.66 0.1 1
325.61 0.1 1
327.48 0.1 1
331.48 0.1 1
333.51 0.1 1
337.32 0.1 1
341.48 0.1 1
349.3 0.1 1
355.26 0.1 1
359.16 0.1 1
361.18 0.1 1
363.27 0.1 1
365.11 0.1 1
371.18 0.1 1
375.08 0.1 1
377.13 0.1 1
385.12 0.1 1
393.05 0.1 1
394.9 0.1 1
400.87 0.1 1
402.81 0.1 1
410.83 0.1 1
412.88 0.1 1
414.84 0.1 1
424.78 0.1 1
426.62 0.1 1
438.7 0.1 1
440.59 0.1 1
442.67 0.1 1
446.59 0.1 1
448.57 0.1 1
458.48 0.1 1
462.48 0.1 1
466.36 0.1 1
468.46 0.1 1
474.23 0.1 1
480.27 0.1 1
482.24 0.1 1
484.29 0.1 1
486.22 0.1 1
492.16 0.1 1
494.22 0.1 1
496.12 0.1 1
500.21 0.1 1
504.03 0.1 1
