4.17 0.1 1
6.11 0.1 1
10.11 0.1 1
12.19 0.1 1
18.16 0.1 1
20.05 0.1 1
22.08 0.1 1
24.11 0.1 1
25.98 0.1 1
33.97 0.1 1
35.92 0.1 1
37.9 0.1 1
41.89 0.1 1
45.96 0.1 1
47.82 0.1 1
49.74 0.1 1
51.71 0.1 1
57.71 0.1 1
67.6 0.1 1
69.75 0.1 1
71.7 0.1 1
73.53 0.1 1
77.5 0.1 1
79.62 0.1 1
81.49 0.1 1
85.54 0.1 1
87.61 0.1 1
89.54 0.1 1
91.46 0.1 1
95.53 0.1 1
107.45 0.1 1
121.35 0.1 1
125.15 0.1 1
127.1 0.1 1
131.19 0.1 1
133.07 0.1 1
135.02 0.1 1
137.19 0.1 1
139.02 0.1 1
145.04 0.1 1
147.13 0.1 1
151.03 0.1 1
153.01 0.1 1
154.93 0.1 1
162.97 0.1 1
166.77 0.1 1
168.8 0.1 1
170.79 0.1 1
172.9 0.1 1
176.71 0.1 1
182.72 0.1 1
184.71 0.1 1
190.76 0.1 1
194.69 0.1 1
198.53 0.1 1
202.48 0.1 1
208.52 0.1 1
214.45 0.1 1
218.35 0.1 1
224.37 0.1 1
228.31 0.1 1
238.24 0.1 1
244.16 0.1 1
246.18 0.1 1
250.23 0.1 1
258.2 0.1 1
260.19 0.1 1
262.12 0.1 1
264.14 0.1 1
266.1 0.1 1
270.07 0.1 1
274.02 0.1 1
275.94 0.1 1
280.01 0.1 1
285.94 0.1 1
289.78 0.1 1
295.76 0.1 1
297.78 0.1 1
299.73 0.1 1
301.7 0.1 1
303.7 0.1 1
305.6 0.1 1
307.6 0.1 1
309.62 0.1 1
325.53 0.1 1
327.46 0.1 1
331.5 0.1 1
333.43 0.1 1
337.55 0.1 1
341.51 0.1 1
349.3 0.1 1
355.3 0.1 1
359.36 0.1 1
361.17 0.1 1
363.17 0.1 1
365.26 0.1 1
371.16 0.1 1
375.19 0.1 1
377.16 0.1 1
385.15 0.1 1
393.08 0.1 1
395.08 0.1 1
401.04 0.1 1
403 0.1 1
410.87 0.1 1
412.93 0.1 1
414.81 0.1 1
424.78 0.1 1
426.7 0.1 1
438.68 0.1 1
440.72 0.1 1
442.67 0.1 1
446.54 0.1 1
448.5 0.1 1
458.44 0.1 1
462.39 0.1 1
466.44 0.1 1
468.3 0.1 1
474.45 0.1 1
480.2 0.1 1
482.2 0.1 1
484.17 0.1 1
486.29 0.1 1
492.1 0.1 1
494.24 0.1 1
496.27 0.1 1
500.24 0.1 1
504.16 0.1 1
