4.22 0.1 1
6.11 0.1 1
10.11 0.1 1
12.18 0.1 1
18.03 0.1 1
20 0.1 1
22.15 0.1 1
24.06 0.1 1
26.07 0.1 1
33.95 0.1 1
35.98 0.1 1
37.94 0.1 1
41.99 0.1 1
45.8 0.1 1
47.76 0.1 1
49.72 0.1 1
51.84 0.1 1
57.86 0.1 1
67.76 0.1 1
69.68 0.1 1
71.68 0.1 1
73.6 0.1 1
77.7 0.1 1
79.48 0.1 1
81.48 0.1 1
85.45 0.1 1
87.59 0.1 1
89.54 0.1 1
91.52 0.1 1
95.46 0.1 1
107.43 0.1 1
121.22 0.1 1
125.22 0.1 1
127.19 0.1 1
131.22 0.1 1
133.2 0.1 1
135.09 0.1 1
137.19 0.1 1
139.14 0.1 1
145.02 0.1 1
147.07 0.1 1
151.04 0.1 1
152.88 0.1 1
155.04 0.1 1
162.8 0.1 1
166.95 0.1 1
168.93 0.1 1
170.85 0.1 1
172.88 0.1 1
176.89 0.1 1
182.67 0.1 1
184.66 0.1 1
190.71 0.1 1
194.68 0.1 1
198.68 0.1 1
202.51 0.1 1
208.58 0.1 1
214.58 0.1 1
218.4 0.1 1
224.45 0.1 1
228.31 0.1 1
238.21 0.1 1
244.19 0.1 1
246.15 0.1 1
250.16 0.1 1
258.13 0.1 1
260.07 0.1 1
262.05 0.1 1
264.17 0.1 1
265.99 0.1 1
270.07 0.1 1
274 0.1 1
275.99 0.1 1
279.87 0.1 1
285.86 0.1 1
289.86 0.1 1
295.71 0.1 1
297.78 0.1 1
299.86 0.1 1
301.68 0.1 1
303.67 0.1 1
305.63 0.1 1
307.77 0.1 1
309.67 0.1 1
325.67 0.1 1
327.49 0.1 1
331.54 0.1 1
333.53 0.1 1
337.38 0.1 1
341.5 0.1 1
349.3 0.1 1
355.33 0.1 1
359.39 0.1 1
361.22 0.1 1
363.32 0.1 1
365.32 0.1 1
371.12 0.1 1
375.24 0.1 1
377.09 0.1 1
385.19 0.1 1
392.93 0.1 1
395.06 0.1 1
401.05 0.1 1
403.02 0.1 1
410.99 0.1 1
412.97 0.1 1
414.77 0.1 1
424.88 0.1 1
426.78 0.1 1
438.6 0.1 1
440.68 0.1 1
442.58 0.1 1
446.57 0.1 1
448.5 0.1 1
458.57 0.1 1
462.51 0.1 1
466.54 0.1 1
468.39 0.1 1
474.43 0.1 1
480.41 0.1 1
482.25 0.1 1
484.31 0.1 1
486.26 0.1 1
492.25 0.1 1
494.27 0.1 1
496.25 0.1 1
500.25 0.1 1
504.11 0.1 1
