4.27 0.1 1
6.25 0.1 1
10.2 0.1 1
12.21 0.1 1
18.12 0.1 1
20.09 0.1 1
22.06 0.1 1
24.09 0.1 1
26.11 0.1 1
33.85 0.1 1
35.83 0.1 1
37.86 0.1 1
41.81 0.1 1
45.85 0.1 1
47.73 0.1 1
49.82 0.1 1
51.8 0.1 1
57.77 0.1 1
67.67 0.1 1
69.64 0.1 1
71.71 0.1 1
73.59 0.1 1
77.64 0.1 1
79.53 0.1 1
81.56 0.1 1
85.61 0.1 1
87.58 0.1 1
89.53 0.1 1
91.55 0.1 1
95.48 0.1 1
107.31 0.1 1
121.28 0.1 1
125.09 0.1 1
127.18 0.1 1
131.15 0.1 1
133.03 0.1 1
135.18 0.1 1
137.03 0.1 1
139.02 0.1 1
144.95 0.1 1
147.07 0.1 1
150.89 0.1 1
152.89 0.1 1
154.84 0.1 1
162.82 0.1 1
166.88 0.1 1
168.83 0.1 1
170.69 0.1 1
172.75 0.1 1
176.7 0.1 1
182.7 0.1 1
184.62 0.1 1
190.63 0.1 1
194.55 0.1 1
198.52 0.1 1
202.51 0.1 1
208.47 0.1 1
214.41 0.1 1
218.33 0.1 1
224.33 0.1 1
228.2 0.1 1
238.12 0.1 1
244.2 0.1 1
246.22 0.1 1
250.06 0.1 1
257.99 0.1 1
259.99 0.1 1
261.91 0.1 1
263.98 0.1 1
265.88 0.1 1
270 0.1 1
273.95 0.1 1
275.87 0.1 1
279.77 0.1 1
285.8 0.1 1
289.69 0.1 1
295.74 0.1 1
297.81 0.1 1
299.72 0.1 1
301.76 0.1 1
303.74 0.1 1
305.54 0.1 1
307.59 0.1 1
309.58 0.1 1
325.45 0.1 1
327.45 0.1 1
331.42 0.1 1
333.42 0.1 1
337.35 0.1 1
341.27 0.1 1
349.18 0.1 1
355.16 0.1 1
359.25 0.1 1
361.08 0.1 1
363.08 0.1 1
365.05 0.1 1
371.03 0.1 1
375.17 0.1 1
377.05 0.1 1
384.94 0.1 1
392.87 0.1 1
394.89 0.1 1
400.78 0.1 1
402.74 0.1 1
410.8 0.1 1
412.66 0.1 1
414.68 0.1 1
424.65 0.1 1
426.6 0.1 1
438.64 0.1 1
440.51 0.1 1
442.43 0.1 1
446.43 0.1 1
448.49 0.1 1
458.46 0.1 1
462.31 0.1 1
466.28 0.1 1
468.42 0.1 1
474.22 0.1 1
480.19 0.1 1
482.19 0.1 1
484.21 0.1 1
486.19 0.1 1
492.08 0.1 1
494.14 0.1 1
496.04 0.1 1
500.01 0.1 1
503.98 0.1 1
