4.11 0.1 1
6.11 0.1 1
10.21 0.1 1
12.11 0.1 1
18.16 0.1 1
19.98 0.1 1
22.05 0.1 1
23.98 0.1 1
26.1 0.1 1
34.03 0.1 1
35.84 0.1 1
38 0.1 1
41.8 0.1 1
45.82 0.1 1
47.79 0.1 1
49.74 0.1 1
51.74 0.1 1
57.84 0.1 1
67.65 0.1 1
69.63 0.1 1
71.63 0.1 1
73.55 0.1 1
77.65 0.1 1
79.57 0.1 1
81.55 0.1 1
85.52 0.1 1
87.44 0.1 1
89.45 0.1 1
91.57 0.1 1
95.41 0.1 1
107.26 0.1 1
121.2 0.1 1
125.18 0.1 1
127.1 0.1 1
131.17 0.1 1
133.19 0.1 1
135.17 0.1 1
137.19 0.1 1
139.09 0.1 1
145.04 0.1 1
146.96 0.1 1
151.01 0.1 1
152.94 0.1 1
154.96 0.1 1
162.93 0.1 1
166.85 0.1 1
168.95 0.1 1
170.93 0.1 1
172.87 0.1 1
176.75 0.1 1
182.64 0.1 1
184.66 0.1 1
190.76 0.1 1
194.73 0.1 1
198.58 0.1 1
202.66 0.1 1
208.51 0.1 1
214.37 0.1 1
218.49 0.1 1
224.29 0.1 1
228.41 0.1 1
238.36 0.1 1
244.29 0.1 1
246.26 0.1 1
250.28 0.1 1
258.08 0.1 1
260.02 0.1 1
262.03 0.1 1
264.1 0.1 1
266.02 0.1 1
269.97 0.1 1
273.94 0.1 1
276.07 0.1 1
279.89 0.1 1
285.86 0.1 1
289.78 0.1 1
295.8 0.1 1
297.75 0.1 1
299.76 0.1 1
301.76 0.1 1
303.85 0.1 1
305.8 0.1 1
307.78 0.1 1
309.6 0.1 1
325.47 0.1 1
327.49 0.1 1
331.56 0.1 1
333.44 0.1 1
337.41 0.1 1
341.51 0.1 1
349.47 0.1 1
355.3 0.1 1
359.2 0.1 1
361.34 0.1 1
363.35 0.1 1
365.32 0.1 1
371.14 0.1 1
375.18 0.1 1
377.13 0.1 1
385.06 0.1 1
393 0.1 1
395.1 0.1 1
400.85 0.1 1
402.97 0.1 1
410.77 0.1 1
412.94 0.1 1
414.77 0.1 1
424.83 0.1 1
426.69 0.1 1
438.62 0.1 1
440.65 0.1 1
442.7 0.1 1
446.67 0.1 1
448.47 0.1 1
458.59 0.1 1
462.46 0.1 1
466.43 0.1 1
468.51 0.1 1
474.28 0.1 1
480.23 0.1 1
482.2 0.1 1
484.25 0.1 1
486.37 0.1 1
492.2 0.1 1
494.15 0.1 1
496.14 0.1 1
500.14 0.1 1
504.16 0.1 1
