4.17 0.1 1
6.26 0.1 1
10.21 0.1 1
12.04 0.1 1
18 0.1 1
20.05 0.1 1
22.13 0.1 1
24.1 0.1 1
26.08 0.1 1
34.04 0.1 1
35.94 0.1 1
37.92 0.1 1
41.91 0.1 1
45.82 0.1 1
47.84 0.1 1
49.91 0.1 1
51.71 0.1 1
57.8 0.1 1
67.67 0.1 1
69.65 0.1 1
71.58 0.1 1
73.63 0.1 1
77.6 0.1 1
79.67 0.1 1
81.49 0.1 1
85.56 0.1 1
87.42 0.1 1
89.52 0.1 1
91.51 0.1 1
95.38 0.1 1
107.4 0.1 1
121.27 0.1 1
125.29 0.1 1
127.19 0.1 1
131.06 0.1 1
133.07 0.1 1
135.17 0.1 1
137.16 0.1 1
139.01 0.1 1
144.96 0.1 1
147.08 0.1 1
151.01 0.1 1
152.88 0.1 1
154.96 0.1 1
162.9 0.1 1
166.78 0.1 1
168.85 0.1 1
170.9 0.1 1
172.85 0.1 1
176.75 0.1 1
182.77 0.1 1
184.71 0.1 1
190.76 0.1 1
194.68 0.1 1
198.53 0.1 1
202.5 0.1 1
208.52 0.1 1
214.57 0.1 1
218.5 0.1 1
224.47 0.1 1
228.27 0.1 1
238.24 0.1 1
244.3 0.1 1
246.28 0.1 1
250.12 0.1 1
258.15 0.1 1
260.19 0.1 1
262.07 0.1 1
263.99 0.1 1
265.97 0.1 1
270.09 0.1 1
273.91 0.1 1
275.96 0.1 1
280.04 0.1 1
285.96 0.1 1
289.93 0.1 1
295.9 0.1 1
297.68 0.1 1
299.85 0.1 1
301.68 0.1 1
303.75 0.1 1
305.79 0.1 1
307.77 0.1 1
309.74 0.1 1
325.64 0.1 1
327.63 0.1 1
331.56 0.1 1
333.58 0.1 1
337.55 0.1 1
341.35 0.1 1
349.33 0.1 1
355.24 0.1 1
359.2 0.1 1
361.24 0.1 1
363.19 0.1 1
365.32 0.1 1
371.14 0.1 1
375.13 0.1 1
377.08 0.1 1
385.11 0.1 1
393 0.1 1
394.97 0.1 1
401.02 0.1 1
402.89 0.1 1
410.94 0.1 1
412.92 0.1 1
414.89 0.1 1
424.8 0.1 1
426.81 0.1 1
438.7 0.1 1
440.63 0.1 1
442.57 0.1 1
446.69 0.1 1
448.47 0.1 1
458.51 0.1 1
462.49 0.1 1
466.49 0.1 1
468.34 0.1 1
474.31 0.1 1
480.26 0.1 1
482.4 0.1 1
484.32 0.1 1
486.17 0.1 1
492.19 0.1 1
494.22 0.1 1
496.1 0.1 1
500.09 0.1 1
504.21 0.1 1
