4.28 0.1 1
6.26 0.1 1
10.18 0.1 1
12.2 0.1 1
18.15 0.1 1
20.15 0.1 1
22.13 0.1 1
24.07 0.1 1
26.12 0.1 1
33.94 0.1 1
35.85 0.1 1
37.82 0.1 1
41.89 0.1 1
45.96 0.1 1
47.81 0.1 1
49.79 0.1 1
51.81 0.1 1
57.81 0.1 1
67.6 0.1 1
69.62 0.1 1
71.72 0.1 1
73.69 0.1 1
77.54 0.1 1
79.49 0.1 1
81.55 0.1 1
85.61 0.1 1
87.56 0.1 1
89.61 0.1 1
91.51 0.1 1
95.53 0.1 1
107.26 0.1 1
121.22 0.1 1
125.19 0.1 1
127.14 0.1 1
131.17 0.1 1
133.26 0.1 1
135.04 0.1 1
137.19 0.1 1
139.18 0.1 1
145.16 0.1 1
147.01 0.1 1
150.91 0.1 1
153.08 0.1 1
155.05 0.1 1
162.95 0.1 1
166.99 0.1 1
168.85 0.1 1
170.79 0.1 1
172.94 0.1 1
176.89 0.1 1
182.86 0.1 1
184.69 0.1 1
190.71 0.1 1
194.63 0.1 1
198.53 0.1 1
202.55 0.1 1
208.57 0.1 1
214.6 0.1 1
218.55 0.1 1
224.52 0.1 1
228.46 0.1 1
238.28 0.1 1
244.16 0.1 1
246.33 0.1 1
250.3 0.1 1
258.19 0.1 1
260.05 0.1 1
262.12 0.1 1
264.19 0.1 1
265.99 0.1 1
270.12 0.1 1
273.99 0.1 1
276.11 0.1 1
280.04 0.1 1
285.96 0.1 1
289.93 0.1 1
295.93 0.1 1
297.73 0.1 1
299.85 0.1 1
301.85 0.1 1
303.75 0.1 1
305.74 0.1 1
307.72 0.1 1
309.82 0.1 1
325.63 0.1 1
327.68 0.1 1
331.61 0.1 1
333.64 0.1 1
337.58 0.1 1
341.4 0.1 1
349.44 0.1 1
355.27 0.1 1
359.29 0.1 1
361.24 0.1 1
363.26 0.1 1
365.22 0.1 1
371.18 0.1 1
375.19 0.1 1
377.25 0.1 1
385.1 0.1 1
393.02 0.1 1
395.02 0.1 1
401 0.1 1
402.99 0.1 1
410.94 0.1 1
412.94 0.1 1
414.94 0.1 1
424.73 0.1 1
426.9 0.1 1
438.7 0.1 1
440.75 0.1 1
442.62 0.1 1
446.64 0.1 1
448.69 0.1 1
458.62 0.1 1
462.51 0.1 1
466.41 0.1 1
468.49 0.1 1
474.48 0.1 1
480.37 0.1 1
482.35 0.1 1
484.23 0.1 1
486.23 0.1 1
492.35 0.1 1
494.19 0.1 1
496.25 0.1 1
500.24 0.1 1
504.09 0.1 1
