4.24 0.1 1
6.18 0.1 1
10.06 0.1 1
12.16 0.1 1
18.18 0.1 1
20.05 0.1 1
21.95 0.1 1
23.95 0.1 1
26.12 0.1 1
33.94 0.1 1
36.02 0.1 1
37.87 0.1 1
41.86 0.1 1
45.83 0.1 1
47.79 0.1 1
49.91 0.1 1
51.71 0.1 1
57.73 0.1 1
67.58 0.1 1
69.58 0.1 1
71.62 0.1 1
73.58 0.1 1
77.59 0.1 1
79.47 0.1 1
81.45 0.1 1
85.56 0.1 1
87.51 0.1 1
89.42 0.1 1
91.42 0.1 1
95.36 0.1 1
107.26 0.1 1
121.19 0.1 1
125.25 0.1 1
127.06 0.1 1
131.06 0.1 1
133.17 0.1 1
134.99 0.1 1
137.06 0.1 1
139.09 0.1 1
145 0.1 1
146.98 0.1 1
150.86 0.1 1
152.9 0.1 1
154.83 0.1 1
162.9 0.1 1
166.74 0.1 1
168.87 0.1 1
170.84 0.1 1
172.71 0.1 1
176.66 0.1 1
182.64 0.1 1
184.71 0.1 1
190.61 0.1 1
194.61 0.1 1
198.61 0.1 1
202.62 0.1 1
208.42 0.1 1
214.49 0.1 1
218.32 0.1 1
224.29 0.1 1
228.32 0.1 1
238.33 0.1 1
244.2 0.1 1
246.16 0.1 1
250.1 0.1 1
257.97 0.1 1
260.02 0.1 1
262.09 0.1 1
264.02 0.1 1
265.97 0.1 1
269.94 0.1 1
273.86 0.1 1
275.91 0.1 1
279.99 0.1 1
285.95 0.1 1
289.92 0.1 1
295.77 0.1 1
297.7 0.1 1
299.72 0.1 1
301.64 0.1 1
303.77 0.1 1
305.69 0.1 1
307.72 0.1 1
309.56 0.1 1
325.44 0.1 1
327.61 0.1 1
331.45 0.1 1
333.51 0.1 1
337.37 0.1 1
341.47 0.1 1
349.37 0.1 1
355.37 0.1 1
359.22 0.1 1
361.29 0.1 1
363.24 0.1 1
365.24 0.1 1
371.18 0.1 1
375.08 0.1 1
377.1 0.1 1
385.02 0.1 1
392.95 0.1 1
394.95 0.1 1
400.99 0.1 1
402.92 0.1 1
410.86 0.1 1
412.83 0.1 1
414.76 0.1 1
424.7 0.1 1
426.73 0.1 1
438.52 0.1 1
440.69 0.1 1
442.69 0.1 1
446.49 0.1 1
448.52 0.1 1
458.51 0.1 1
462.48 0.1 1
466.43 0.1 1
468.36 0.1 1
474.4 0.1 1
480.38 0.1 1
482.3 0.1 1
484.17 0.1 1
486.15 0.1 1
492.16 0.1 1
494.22 0.1 1
496.19 0.1 1
500.18 0.1 1
504.13 0.1 1
