4.17 0.1 1
6.22 0.1 1
10.08 0.1 1
12.16 0.1 1
18.01 0.1 1
20 0.1 1
22 0.1 1
23.96 0.1 1
26.05 0.1 1
33.95 0.1 1
35.95 0.1 1
38 0.1 1
41.8 0.1 1
45.94 0.1 1
47.87 0.1 1
49.87 0.1 1
51.89 0.1 1
57.86 0.1 1
67.71 0.1 1
69.71 0.1 1
71.66 0.1 1
73.73 0.1 1
77.65 0.1 1
79.58 0.1 1
81.65 0.1 1
85.55 0.1 1
87.62 0.1 1
89.44 0.1 1
91.42 0.1 1
95.37 0.1 1
107.38 0.1 1
121.2 0.1 1
125.13 0.1 1
127.22 0.1 1
131.2 0.1 1
133.25 0.1 1
135.15 0.1 1
137.14 0.1 1
139.17 0.1 1
145.09 0.1 1
147.09 0.1 1
150.93 0.1 1
152.96 0.1 1
154.88 0.1 1
162.91 0.1 1
166.93 0.1 1
168.95 0.1 1
170.82 0.1 1
172.8 0.1 1
176.78 0.1 1
182.84 0.1 1
184.71 0.1 1
190.71 0.1 1
194.54 0.1 1
198.59 0.1 1
202.59 0.1 1
208.43 0.1 1
214.53 0.1 1
218.42 0.1 1
224.38 0.1 1
228.39 0.1 1
238.39 0.1 1
244.33 0.1 1
246.26 0.1 1
250.18 0.1 1
258.03 0.1 1
260.13 0.1 1
262.03 0.1 1
264.08 0.1 1
266.13 0.1 1
270.08 0.1 1
274.09 0.1 1
275.89 0.1 1
279.95 0.1 1
285.82 0.1 1
289.96 0.1 1
295.78 0.1 1
297.86 0.1 1
299.76 0.1 1
301.83 0.1 1
303.83 0.1 1
305.68 0.1 1
307.73 0.1 1
309.75 0.1 1
325.65 0.1 1
327.61 0.1 1
331.49 0.1 1
333.44 0.1 1
337.53 0.1 1
341.43 0.1 1
349.4 0.1 1
355.23 0.1 1
359.35 0.1 1
361.37 0.1 1
363.35 0.1 1
365.3 0.1 1
371.29 0.1 1
375.17 0.1 1
377.26 0.1 1
385.18 0.1 1
392.96 0.1 1
395.06 0.1 1
400.9 0.1 1
402.95 0.1 1
410.88 0.1 1
412.8 0.1 1
414.77 0.1 1
424.86 0.1 1
426.81 0.1 1
438.66 0.1 1
440.6 0.1 1
442.7 0.1 1
446.65 0.1 1
448.68 0.1 1
458.47 0.1 1
462.39 0.1 1
466.47 0.1 1
468.36 0.1 1
474.42 0.1 1
480.28 0.1 1
482.28 0.1 1
484.38 0.1 1
486.36 0.1 1
492.25 0.1 1
494.2 0.1 1
496.1 0.1 1
500.08 0.1 1
504.13 0.1 1
