4.13 0.1 1
6.23 0.1 1
10.15 0.1 1
12.07 0.1 1
18.05 0.1 1
20.15 0.1 1
22.02 0.1 1
24.09 0.1 1
25.97 0.1 1
34.02 0.1 1
35.98 0.1 1
37.89 0.1 1
41.98 0.1 1
45.76 0.1 1
47.78 0.1 1
49.78 0.1 1
51.83 0.1 1
57.72 0.1 1
67.65 0.1 1
69.72 0.1 1
71.61 0.1 1
73.67 0.1 1
77.62 0.1 1
79.51 0.1 1
81.51 0.1 1
85.58 0.1 1
87.53 0.1 1
89.58 0.1 1
91.55 0.1 1
95.35 0.1 1
107.4 0.1 1
121.17 0.1 1
125.21 0.1 1
127.28 0.1 1
131.26 0.1 1
133.04 0.1 1
135.23 0.1 1
137.08 0.1 1
139.2 0.1 1
145.13 0.1 1
147.12 0.1 1
150.95 0.1 1
152.95 0.1 1
155.05 0.1 1
162.89 0.1 1
166.87 0.1 1
168.87 0.1 1
170.74 0.1 1
172.81 0.1 1
176.73 0.1 1
182.71 0.1 1
184.81 0.1 1
190.65 0.1 1
194.67 0.1 1
198.58 0.1 1
202.69 0.1 1
208.54 0.1 1
214.56 0.1 1
218.38 0.1 1
224.48 0.1 1
228.34 0.1 1
238.2 0.1 1
244.33 0.1 1
246.15 0.1 1
250.15 0.1 1
258.04 0.1 1
260.02 0.1 1
262.09 0.1 1
264.19 0.1 1
266.09 0.1 1
270.04 0.1 1
273.96 0.1 1
276 0.1 1
280.06 0.1 1
285.97 0.1 1
289.9 0.1 1
295.79 0.1 1
297.74 0.1 1
299.87 0.1 1
301.81 0.1 1
303.79 0.1 1
305.84 0.1 1
307.77 0.1 1
309.82 0.1 1
325.66 0.1 1
327.56 0.1 1
331.53 0.1 1
333.62 0.1 1
337.44 0.1 1
341.45 0.1 1
349.32 0.1 1
355.32 0.1 1
359.23 0.1 1
361.33 0.1 1
363.24 0.1 1
365.25 0.1 1
371.31 0.1 1
375.23 0.1 1
377.18 0.1 1
385.02 0.1 1
393.09 0.1 1
395.04 0.1 1
400.94 0.1 1
402.88 0.1 1
410.86 0.1 1
412.81 0.1 1
414.88 0.1 1
424.73 0.1 1
426.87 0.1 1
438.75 0.1 1
440.76 0.1 1
442.59 0.1 1
446.69 0.1 1
448.69 0.1 1
458.51 0.1 1
462.4 0.1 1
466.43 0.1 1
468.52 0.1 1
474.35 0.1 1
480.37 0.1 1
482.37 0.1 1
484.24 0.1 1
486.21 0.1 1
492.21 0.1 1
494.23 0.1 1
496.31 0.1 1
500.13 0.1 1
504.2 0.1 1
