4.28 0.1 1
6.1 0.1 1
10.15 0.1 1
12.04 0.1 1
18.15 0.1 1
20.11 0.1 1
22.09 0.1 1
24.09 0.1 1
25.94 0.1 1
34.04 0.1 1
35.98 0.1 1
37.81 0.1 1
41.88 0.1 1
45.95 0.1 1
47.91 0.1 1
49.92 0.1 1
51.78 0.1 1
57.69 0.1 1
67.61 0.1 1
69.74 0.1 1
71.54 0.1 1
73.66 0.1 1
77.63 0.1 1
79.61 0.1 1
81.46 0.1 1
85.51 0.1 1
87.56 0.1 1
89.58 0.1 1
91.58 0.1 1
95.4 0.1 1
107.44 0.1 1
121.33 0.1 1
125.14 0.1 1
127.09 0.1 1
131.25 0.1 1
133.25 0.1 1
135.1 0.1 1
137.21 0.1 1
139.05 0.1 1
144.97 0.1 1
147.13 0.1 1
151.02 0.1 1
153.04 0.1 1
154.99 0.1 1
162.84 0.1 1
166.81 0.1 1
168.79 0.1 1
170.89 0.1 1
172.73 0.1 1
176.75 0.1 1
182.71 0.1 1
184.81 0.1 1
190.67 0.1 1
194.63 0.1 1
198.64 0.1 1
202.6 0.1 1
208.56 0.1 1
214.56 0.1 1
218.38 0.1 1
224.41 0.1 1
228.45 0.1 1
238.37 0.1 1
244.34 0.1 1
246.15 0.1 1
250.19 0.1 1
258.09 0.1 1
260.14 0.1 1
262.08 0.1 1
264.03 0.1 1
266.06 0.1 1
269.96 0.1 1
273.95 0.1 1
275.93 0.1 1
280.03 0.1 1
285.82 0.1 1
289.89 0.1 1
295.75 0.1 1
297.92 0.1 1
299.89 0.1 1
301.76 0.1 1
303.86 0.1 1
305.68 0.1 1
307.73 0.1 1
309.64 0.1 1
325.53 0.1 1
327.55 0.1 1
331.49 0.1 1
333.57 0.1 1
337.45 0.1 1
341.39 0.1 1
349.49 0.1 1
355.39 0.1 1
359.41 0.1 1
361.38 0.1 1
363.38 0.1 1
365.25 0.1 1
371.13 0.1 1
375.25 0.1 1
377.29 0.1 1
385.12 0.1 1
392.99 0.1 1
394.96 0.1 1
401.08 0.1 1
403.08 0.1 1
410.9 0.1 1
412.8 0.1 1
414.78 0.1 1
424.87 0.1 1
426.77 0.1 1
438.62 0.1 1
440.76 0.1 1
442.61 0.1 1
446.66 0.1 1
448.56 0.1 1
458.61 0.1 1
462.45 0.1 1
466.55 0.1 1
468.5 0.1 1
474.44 0.1 1
480.36 0.1 1
482.27 0.1 1
484.39 0.1 1
486.41 0.1 1
492.23 0.1 1
494.26 0.1 1
496.19 0.1 1
500.23 0.1 1
504.25 0.1 1
