4.26 0.1 1
6.26 0.1 1
10.18 0.1 1
12.08 0.1 1
18.17 0.1 1
20 0.1 1
22 0.1 1
24.09 0.1 1
26.11 0.1 1
33.98 0.1 1
36.03 0.1 1
37.96 0.1 1
41.91 0.1 1
45.88 0.1 1
47.8 0.1 1
49.73 0.1 1
51.77 0.1 1
57.67 0.1 1
67.69 0.1 1
69.72 0.1 1
71.7 0.1 1
73.62 0.1 1
77.59 0.1 1
79.49 0.1 1
81.58 0.1 1
85.43 0.1 1
87.49 0.1 1
89.44 0.1 1
91.41 0.1 1
95.35 0.1 1
107.37 0.1 1
121.22 0.1 1
125.14 0.1 1
127.21 0.1 1
131.14 0.1 1
133.11 0.1 1
135.15 0.1 1
137.01 0.1 1
139.13 0.1 1
145.03 0.1 1
147 0.1 1
150.98 0.1 1
152.98 0.1 1
154.9 0.1 1
162.85 0.1 1
166.91 0.1 1
168.84 0.1 1
170.92 0.1 1
172.74 0.1 1
176.84 0.1 1
182.76 0.1 1
184.81 0.1 1
190.6 0.1 1
194.63 0.1 1
198.67 0.1 1
202.53 0.1 1
208.52 0.1 1
214.59 0.1 1
218.47 0.1 1
224.31 0.1 1
228.36 0.1 1
238.4 0.1 1
244.17 0.1 1
246.22 0.1 1
250.3 0.1 1
258.06 0.1 1
260.22 0.1 1
262.14 0.1 1
264.12 0.1 1
266.07 0.1 1
270.01 0.1 1
274.04 0.1 1
275.94 0.1 1
279.9 0.1 1
285.92 0.1 1
289.95 0.1 1
295.92 0.1 1
297.77 0.1 1
299.7 0.1 1
301.8 0.1 1
303.82 0.1 1
305.67 0.1 1
307.71 0.1 1
309.62 0.1 1
325.58 0.1 1
327.55 0.1 1
331.5 0.1 1
333.58 0.1 1
337.48 0.1 1
341.37 0.1 1
349.31 0.1 1
355.29 0.1 1
359.26 0.1 1
361.28 0.1 1
363.19 0.1 1
365.26 0.1 1
371.31 0.1 1
375.1 0.1 1
377.17 0.1 1
385.18 0.1 1
393.12 0.1 1
395.1 0.1 1
401.06 0.1 1
402.91 0.1 1
410.91 0.1 1
412.89 0.1 1
414.96 0.1 1
424.87 0.1 1
426.82 0.1 1
438.59 0.1 1
440.75 0.1 1
442.56 0.1 1
446.61 0.1 1
448.67 0.1 1
458.54 0.1 1
462.58 0.1 1
466.48 0.1 1
468.46 0.1 1
474.45 0.1 1
480.44 0.1 1
482.37 0.1 1
484.4 0.1 1
486.34 0.1 1
492.27 0.1 1
494.31 0.1 1
496.24 0.1 1
500.21 0.1 1
504.11 0.1 1
