4.17 0.1 1
6.22 0.1 1
10.09 0.1 1
12.17 0.1 1
17.97 0.1 1
20.06 0.1 1
22.14 0.1 1
24.03 0.1 1
26.08 0.1 1
33.98 0.1 1
35.93 0.1 1
37.86 0.1 1
41.82 0.1 1
45.95 0.1 1
47.88 0.1 1
49.87 0.1 1
51.75 0.1 1
57.66 0.1 1
67.69 0.1 1
69.76 0.1 1
71.66 0.1 1
73.63 0.1 1
77.68 0.1 1
79.61 0.1 1
81.53 0.1 1
85.53 0.1 1
87.57 0.1 1
89.4 0.1 1
91.57 0.1 1
95.45 0.1 1
107.32 0.1 1
121.23 0.1 1
125.13 0.1 1
127.2 0.1 1
131.15 0.1 1
133.17 0.1 1
135.1 0.1 1
137 0.1 1
139.17 0.1 1
145.07 0.1 1
147.09 0.1 1
150.96 0.1 1
152.92 0.1 1
154.91 0.1 1
162.96 0.1 1
166.93 0.1 1
168.84 0.1 1
170.9 0.1 1
172.83 0.1 1
176.75 0.1 1
182.63 0.1 1
184.78 0.1 1
190.64 0.1 1
194.64 0.1 1
198.49 0.1 1
202.56 0.1 1
208.54 0.1 1
214.43 0.1 1
218.41 0.1 1
224.37 0.1 1
228.27 0.1 1
238.15 0.1 1
244.24 0.1 1
246.19 0.1 1
250.16 0.1 1
258.06 0.1 1
260.06 0.1 1
261.98 0.1 1
264.05 0.1 1
266.03 0.1 1
269.9 0.1 1
274.02 0.1 1
275.92 0.1 1
279.82 0.1 1
285.86 0.1 1
289.89 0.1 1
295.71 0.1 1
297.86 0.1 1
299.78 0.1 1
301.79 0.1 1
303.66 0.1 1
305.8 0.1 1
307.6 0.1 1
309.7 0.1 1
325.49 0.1 1
327.6 0.1 1
331.4 0.1 1
333.52 0.1 1
337.41 0.1 1
341.51 0.1 1
349.38 0.1 1
355.3 0.1 1
359.3 0.1 1
361.37 0.1 1
363.35 0.1 1
365.28 0.1 1
371.22 0.1 1
375.25 0.1 1
377.15 0.1 1
384.97 0.1 1
392.94 0.1 1
395.03 0.1 1
401.05 0.1 1
403 0.1 1
410.77 0.1 1
412.95 0.1 1
414.87 0.1 1
424.7 0.1 1
426.72 0.1 1
438.71 0.1 1
440.58 0.1 1
442.51 0.1 1
446.53 0.1 1
448.5 0.1 1
458.43 0.1 1
462.42 0.1 1
466.52 0.1 1
468.44 0.1 1
474.34 0.1 1
480.21 0.1 1
482.36 0.1 1
484.28 0.1 1
486.18 0.1 1
492.11 0.1 1
494.23 0.1 1
496.15 0.1 1
500.17 0.1 1
504.13 0.1 1
