4.27 0.1 1
6.12 0.1 1
10.14 0.1 1
12.04 0.1 1
17.98 0.1 1
19.98 0.1 1
21.96 0.1 1
23.96 0.1 1
26.01 0.1 1
33.88 0.1 1
35.98 0.1 1
37.87 0.1 1
41.88 0.1 1
45.75 0.1 1
47.89 0.1 1
49.8 0.1 1
51.72 0.1 1
57.66 0.1 1
67.66 0.1 1
69.71 0.1 1
71.64 0.1 1
73.68 0.1 1
77.46 0.1 1
79.56 0.1 1
81.56 0.1 1
85.52 0.1 1
87.38 0.1 1
89.38 0.1 1
91.42 0.1 1
95.45 0.1 1
107.31 0.1 1
121.21 0.1 1
125.16 0.1 1
127.21 0.1 1
131.05 0.1 1
133.03 0.1 1
135.15 0.1 1
137.07 0.1 1
139.15 0.1 1
145.05 0.1 1
146.94 0.1 1
151.02 0.1 1
152.82 0.1 1
154.89 0.1 1
162.74 0.1 1
166.88 0.1 1
168.85 0.1 1
170.75 0.1 1
172.68 0.1 1
176.68 0.1 1
182.62 0.1 1
184.57 0.1 1
190.69 0.1 1
194.59 0.1 1
198.49 0.1 1
202.54 0.1 1
208.36 0.1 1
214.35 0.1 1
218.35 0.1 1
224.42 0.1 1
228.35 0.1 1
238.12 0.1 1
244.17 0.1 1
246.21 0.1 1
250.19 0.1 1
257.98 0.1 1
259.98 0.1 1
261.98 0.1 1
263.91 0.1 1
265.9 0.1 1
269.93 0.1 1
274 0.1 1
275.87 0.1 1
279.82 0.1 1
285.79 0.1 1
289.74 0.1 1
295.84 0.1 1
297.74 0.1 1
299.78 0.1 1
301.69 0.1 1
303.73 0.1 1
305.76 0.1 1
307.7 0.1 1
309.7 0.1 1
325.42 0.1 1
327.47 0.1 1
331.47 0.1 1
333.47 0.1 1
337.44 0.1 1
341.38 0.1 1
349.25 0.1 1
355.35 0.1 1
359.22 0.1 1
361.22 0.1 1
363.1 0.1 1
365.18 0.1 1
371.04 0.1 1
375.19 0.1 1
377 0.1 1
384.99 0.1 1
392.96 0.1 1
394.98 0.1 1
400.9 0.1 1
402.85 0.1 1
410.92 0.1 1
412.74 0.1 1
414.7 0.1 1
424.72 0.1 1
426.72 0.1 1
438.58 0.1 1
440.66 0.1 1
442.56 0.1 1
446.43 0.1 1
448.62 0.1 1
458.42 0.1 1
462.49 0.1 1
466.47 0.1 1
468.31 0.1 1
474.22 0.1 1
480.21 0.1 1
482.18 0.1 1
484.18 0.1 1
486.21 0.1 1
492.26 0.1 1
494.2 0.1 1
496.05 0.1 1
500.05 0.1 1
504.12 0.1 1
