4.09 0.1 1
6.1 0.1 1
10.12 0.1 1
12.11 0.1 1
17.99 0.1 1
19.98 0.1 1
22.09 0.1 1
24.08 0.1 1
26.04 0.1 1
34.01 0.1 1
35.95 0.1 1
37.85 0.1 1
41.83 0.1 1
45.92 0.1 1
47.94 0.1 1
49.74 0.1 1
51.7 0.1 1
57.71 0.1 1
67.66 0.1 1
69.61 0.1 1
71.58 0.1 1
73.66 0.1 1
77.65 0.1 1
79.48 0.1 1
81.6 0.1 1
85.55 0.1 1
87.42 0.1 1
89.55 0.1 1
91.55 0.1 1
95.47 0.1 1
107.31 0.1 1
121.23 0.1 1
125.15 0.1 1
127.18 0.1 1
131.26 0.1 1
133.13 0.1 1
135.23 0.1 1
137.22 0.1 1
139.05 0.1 1
145.12 0.1 1
147.04 0.1 1
150.91 0.1 1
152.89 0.1 1
155.04 0.1 1
162.93 0.1 1
166.83 0.1 1
168.9 0.1 1
170.78 0.1 1
172.85 0.1 1
176.87 0.1 1
182.75 0.1 1
184.77 0.1 1
190.72 0.1 1
194.57 0.1 1
198.64 0.1 1
202.67 0.1 1
208.59 0.1 1
214.43 0.1 1
218.45 0.1 1
224.32 0.1 1
228.32 0.1 1
238.35 0.1 1
244.34 0.1 1
246.14 0.1 1
250.22 0.1 1
258.13 0.1 1
260.06 0.1 1
262.03 0.1 1
264.05 0.1 1
266.11 0.1 1
270.12 0.1 1
274.12 0.1 1
275.9 0.1 1
279.95 0.1 1
285.89 0.1 1
289.81 0.1 1
295.81 0.1 1
297.82 0.1 1
299.86 0.1 1
301.83 0.1 1
303.74 0.1 1
305.71 0.1 1
307.83 0.1 1
309.7 0.1 1
325.6 0.1 1
327.67 0.1 1
331.55 0.1 1
333.44 0.1 1
337.44 0.1 1
341.41 0.1 1
349.48 0.1 1
355.43 0.1 1
359.4 0.1 1
361.33 0.1 1
363.2 0.1 1
365.35 0.1 1
371.17 0.1 1
375.24 0.1 1
377.25 0.1 1
385.14 0.1 1
392.96 0.1 1
394.98 0.1 1
400.9 0.1 1
402.96 0.1 1
410.88 0.1 1
412.88 0.1 1
414.92 0.1 1
424.89 0.1 1
426.72 0.1 1
438.61 0.1 1
440.76 0.1 1
442.66 0.1 1
446.61 0.1 1
448.58 0.1 1
458.43 0.1 1
462.57 0.1 1
466.39 0.1 1
468.37 0.1 1
474.44 0.1 1
480.34 0.1 1
482.31 0.1 1
484.38 0.1 1
486.31 0.1 1
492.35 0.1 1
494.35 0.1 1
496.28 0.1 1
500.26 0.1 1
504.12 0.1 1
