4.16 0.1 1
6.21 0.1 1
10.11 0.1 1
12.23 0.1 1
18.06 0.1 1
20.16 0.1 1
22.05 0.1 1
24 0.1 1
26.01 0.1 1
34.05 0.1 1
36.03 0.1 1
37.98 0.1 1
41.9 0.1 1
45.76 0.1 1
47.76 0.1 1
49.92 0.1 1
51.76 0.1 1
57.69 0.1 1
67.65 0.1 1
69.75 0.1 1
71.56 0.1 1
73.65 0.1 1
77.62 0.1 1
79.55 0.1 1
81.58 0.1 1
85.64 0.1 1
87.52 0.1 1
89.59 0.1 1
91.47 0.1 1
95.46 0.1 1
107.44 0.1 1
121.18 0.1 1
125.22 0.1 1
127.17 0.1 1
131.09 0.1 1
133.24 0.1 1
135.02 0.1 1
137.02 0.1 1
139.19 0.1 1
145.12 0.1 1
147.03 0.1 1
150.93 0.1 1
152.88 0.1 1
154.9 0.1 1
162.95 0.1 1
166.92 0.1 1
168.78 0.1 1
170.88 0.1 1
172.72 0.1 1
176.75 0.1 1
182.81 0.1 1
184.72 0.1 1
190.74 0.1 1
194.66 0.1 1
198.53 0.1 1
202.63 0.1 1
208.48 0.1 1
214.45 0.1 1
218.45 0.1 1
224.35 0.1 1
228.39 0.1 1
238.24 0.1 1
244.23 0.1 1
246.23 0.1 1
250.13 0.1 1
258.13 0.1 1
260.1 0.1 1
261.98 0.1 1
264.13 0.1 1
265.94 0.1 1
270.04 0.1 1
273.99 0.1 1
275.92 0.1 1
279.94 0.1 1
285.88 0.1 1
289.89 0.1 1
295.75 0.1 1
297.73 0.1 1
299.68 0.1 1
301.85 0.1 1
303.8 0.1 1
305.8 0.1 1
307.6 0.1 1
309.79 0.1 1
325.52 0.1 1
327.49 0.1 1
331.41 0.1 1
333.41 0.1 1
337.48 0.1 1
341.48 0.1 1
349.42 0.1 1
355.25 0.1 1
359.22 0.1 1
361.32 0.1 1
363.27 0.1 1
365.27 0.1 1
371.27 0.1 1
375.16 0.1 1
377.14 0.1 1
384.98 0.1 1
393.08 0.1 1
395.02 0.1 1
400.97 0.1 1
402.95 0.1 1
410.87 0.1 1
412.89 0.1 1
414.74 0.1 1
424.81 0.1 1
426.83 0.1 1
438.68 0.1 1
440.73 0.1 1
442.7 0.1 1
446.49 0.1 1
448.65 0.1 1
458.56 0.1 1
462.52 0.1 1
466.48 0.1 1
468.31 0.1 1
474.38 0.1 1
480.38 0.1 1
482.4 0.1 1
484.32 0.1 1
486.35 0.1 1
492.3 0.1 1
494.1 0.1 1
496.15 0.1 1
500.07 0.1 1
504.22 0.1 1
