4.26 0.1 1
6.12 0.1 1
10.06 0.1 1
12.09 0.1 1
18 0.1 1
20.16 0.1 1
21.95 0.1 1
24.11 0.1 1
25.98 0.1 1
34.02 0.1 1
35.99 0.1 1
37.94 0.1 1
41.91 0.1 1
45.79 0.1 1
47.87 0.1 1
49.79 0.1 1
51.89 0.1 1
57.68 0.1 1
67.6 0.1 1
69.67 0.1 1
71.68 0.1 1
73.68 0.1 1
77.52 0.1 1
79.69 0.1 1
81.54 0.1 1
85.64 0.1 1
87.49 0.1 1
89.59 0.1 1
91.56 0.1 1
95.36 0.1 1
107.46 0.1 1
121.35 0.1 1
125.29 0.1 1
127.12 0.1 1
131.16 0.1 1
133.14 0.1 1
135.04 0.1 1
137.21 0.1 1
139.07 0.1 1
145.13 0.1 1
147.13 0.1 1
150.96 0.1 1
152.96 0.1 1
155 0.1 1
162.98 0.1 1
166.78 0.1 1
168.9 0.1 1
170.8 0.1 1
172.85 0.1 1
176.69 0.1 1
182.72 0.1 1
184.76 0.1 1
190.59 0.1 1
194.58 0.1 1
198.51 0.1 1
202.53 0.1 1
208.43 0.1 1
214.54 0.1 1
218.4 0.1 1
224.47 0.1 1
228.34 0.1 1
238.34 0.1 1
244.13 0.1 1
246.13 0.1 1
250.26 0.1 1
258.2 0.1 1
260.14 0.1 1
262.17 0.1 1
264.02 0.1 1
266.04 0.1 1
270.06 0.1 1
273.97 0.1 1
275.89 0.1 1
279.83 0.1 1
285.89 0.1 1
289.8 0.1 1
295.9 0.1 1
297.78 0.1 1
299.67 0.1 1
301.8 0.1 1
303.8 0.1 1
305.77 0.1 1
307.79 0.1 1
309.74 0.1 1
325.64 0.1 1
327.56 0.1 1
331.56 0.1 1
333.43 0.1 1
337.38 0.1 1
341.38 0.1 1
349.3 0.1 1
355.4 0.1 1
359.39 0.1 1
361.32 0.1 1
363.24 0.1 1
365.24 0.1 1
371.19 0.1 1
375.14 0.1 1
377.06 0.1 1
385.1 0.1 1
393.1 0.1 1
395 0.1 1
400.89 0.1 1
402.86 0.1 1
410.79 0.1 1
412.84 0.1 1
414.91 0.1 1
424.66 0.1 1
426.85 0.1 1
438.55 0.1 1
440.57 0.1 1
442.52 0.1 1
446.54 0.1 1
448.52 0.1 1
458.43 0.1 1
462.38 0.1 1
466.39 0.1 1
468.35 0.1 1
474.36 0.1 1
480.22 0.1 1
482.22 0.1 1
484.33 0.1 1
486.35 0.1 1
492.15 0.1 1
494.27 0.1 1
496.21 0.1 1
500.17 0.1 1
504.21 0.1 1
