4.26 0.1 1
6.26 0.1 1
10.03 0.1 1
12.03 0.1 1
18.03 0.1 1
20.02 0.1 1
21.93 0.1 1
24.12 0.1 1
25.94 0.1 1
33.95 0.1 1
35.86 0.1 1
37.84 0.1 1
41.84 0.1 1
45.74 0.1 1
47.84 0.1 1
49.71 0.1 1
51.84 0.1 1
57.68 0.1 1
67.58 0.1 1
69.65 0.1 1
71.65 0.1 1
73.72 0.1 1
77.52 0.1 1
79.61 0.1 1
81.52 0.1 1
85.61 0.1 1
87.54 0.1 1
89.41 0.1 1
91.46 0.1 1
95.43 0.1 1
107.42 0.1 1
121.3 0.1 1
125.24 0.1 1
127.14 0.1 1
131.16 0.1 1
133.16 0.1 1
135.03 0.1 1
137.01 0.1 1
139.03 0.1 1
145.06 0.1 1
147.13 0.1 1
151.06 0.1 1
153.03 0.1 1
154.9 0.1 1
163 0.1 1
166.9 0.1 1
168.92 0.1 1
170.87 0.1 1
172.91 0.1 1
176.79 0.1 1
182.83 0.1 1
184.68 0.1 1
190.68 0.1 1
194.6 0.1 1
198.67 0.1 1
202.48 0.1 1
208.62 0.1 1
214.42 0.1 1
218.56 0.1 1
224.38 0.1 1
228.31 0.1 1
238.4 0.1 1
244.27 0.1 1
246.23 0.1 1
250.19 0.1 1
258.24 0.1 1
260.19 0.1 1
262.11 0.1 1
264.16 0.1 1
266.02 0.1 1
270.04 0.1 1
274.01 0.1 1
275.89 0.1 1
279.95 0.1 1
285.98 0.1 1
289.95 0.1 1
295.88 0.1 1
297.75 0.1 1
299.87 0.1 1
301.87 0.1 1
303.84 0.1 1
305.84 0.1 1
307.81 0.1 1
309.62 0.1 1
325.51 0.1 1
327.6 0.1 1
331.48 0.1 1
333.53 0.1 1
337.48 0.1 1
341.4 0.1 1
349.45 0.1 1
355.41 0.1 1
359.34 0.1 1
361.21 0.1 1
363.34 0.1 1
365.21 0.1 1
371.25 0.1 1
375.16 0.1 1
377.15 0.1 1
385.13 0.1 1
393.15 0.1 1
394.94 0.1 1
400.99 0.1 1
403.02 0.1 1
410.96 0.1 1
412.86 0.1 1
414.93 0.1 1
424.82 0.1 1
426.73 0.1 1
438.72 0.1 1
440.74 0.1 1
442.56 0.1 1
446.57 0.1 1
448.51 0.1 1
458.43 0.1 1
462.4 0.1 1
466.56 0.1 1
468.48 0.1 1
474.43 0.1 1
480.32 0.1 1
482.44 0.1 1
484.3 0.1 1
486.29 0.1 1
492.27 0.1 1
494.31 0.1 1
496.19 0.1 1
500.09 0.1 1
504.18 0.1 1
