4.17 0.1 1
6.12 0.1 1
10.19 0.1 1
12.15 0.1 1
18.17 0.1 1
20.12 0.1 1
21.96 0.1 1
24.01 0.1 1
25.97 0.1 1
33.84 0.1 1
35.99 0.1 1
37.9 0.1 1
41.86 0.1 1
45.81 0.1 1
47.93 0.1 1
49.88 0.1 1
51.75 0.1 1
57.69 0.1 1
67.61 0.1 1
69.56 0.1 1
71.61 0.1 1
73.64 0.1 1
77.53 0.1 1
79.66 0.1 1
81.49 0.1 1
85.55 0.1 1
87.6 0.1 1
89.51 0.1 1
91.55 0.1 1
95.53 0.1 1
107.29 0.1 1
121.21 0.1 1
125.29 0.1 1
127.14 0.1 1
131.16 0.1 1
133.11 0.1 1
135.06 0.1 1
137.05 0.1 1
139.06 0.1 1
144.95 0.1 1
146.95 0.1 1
151.02 0.1 1
153.05 0.1 1
154.87 0.1 1
162.82 0.1 1
166.91 0.1 1
168.78 0.1 1
170.84 0.1 1
172.69 0.1 1
176.86 0.1 1
182.73 0.1 1
184.78 0.1 1
190.75 0.1 1
194.72 0.1 1
198.59 0.1 1
202.5 0.1 1
208.46 0.1 1
214.43 0.1 1
218.41 0.1 1
224.36 0.1 1
228.4 0.1 1
238.24 0.1 1
244.3 0.1 1
246.27 0.1 1
250.21 0.1 1
258.18 0.1 1
260.01 0.1 1
262.01 0.1 1
263.99 0.1 1
266.06 0.1 1
270.03 0.1 1
274.05 0.1 1
276.05 0.1 1
279.85 0.1 1
285.9 0.1 1
289.89 0.1 1
295.74 0.1 1
297.67 0.1 1
299.72 0.1 1
301.66 0.1 1
303.69 0.1 1
305.73 0.1 1
307.61 0.1 1
309.64 0.1 1
325.45 0.1 1
327.43 0.1 1
331.37 0.1 1
333.45 0.1 1
337.37 0.1 1
341.42 0.1 1
349.23 0.1 1
355.34 0.1 1
359.14 0.1 1
361.21 0.1 1
363.31 0.1 1
365.15 0.1 1
371.05 0.1 1
375.03 0.1 1
377.04 0.1 1
385.14 0.1 1
392.96 0.1 1
394.99 0.1 1
400.94 0.1 1
402.94 0.1 1
410.85 0.1 1
412.83 0.1 1
414.88 0.1 1
424.65 0.1 1
426.64 0.1 1
438.64 0.1 1
440.52 0.1 1
442.53 0.1 1
446.54 0.1 1
448.48 0.1 1
458.42 0.1 1
462.42 0.1 1
466.48 0.1 1
468.33 0.1 1
474.37 0.1 1
480.34 0.1 1
482.31 0.1 1
484.24 0.1 1
486.23 0.1 1
492.11 0.1 1
494.08 0.1 1
496.11 0.1 1
500.1 0.1 1
504.18 0.1 1
