4.09 0.1 1
6.2 0.1 1
10.07 0.1 1
12.19 0.1 1
18.16 0.1 1
20.13 0.1 1
22.09 0.1 1
23.99 0.1 1
26.06 0.1 1
33.88 0.1 1
35.95 0.1 1
37.83 0.1 1
41.88 0.1 1
45.8 0.1 1
47.89 0.1 1
49.77 0.1 1
51.69 0.1 1
57.74 0.1 1
67.58 0.1 1
69.68 0.1 1
71.68 0.1 1
73.58 0.1 1
77.5 0.1 1
79.55 0.1 1
81.48 0.1 1
85.48 0.1 1
87.37 0.1 1
89.35 0.1 1
91.48 0.1 1
95.39 0.1 1
107.29 0.1 1
121.13 0.1 1
125.26 0.1 1
127.25 0.1 1
131.05 0.1 1
133.18 0.1 1
135.07 0.1 1
137.07 0.1 1
139.12 0.1 1
145 0.1 1
147 0.1 1
150.97 0.1 1
152.96 0.1 1
154.91 0.1 1
162.81 0.1 1
166.9 0.1 1
168.76 0.1 1
170.86 0.1 1
172.87 0.1 1
176.68 0.1 1
182.77 0.1 1
184.62 0.1 1
190.56 0.1 1
194.61 0.1 1
198.51 0.1 1
202.58 0.1 1
208.43 0.1 1
214.45 0.1 1
218.38 0.1 1
224.35 0.1 1
228.34 0.1 1
238.17 0.1 1
244.27 0.1 1
246.21 0.1 1
250.23 0.1 1
258.18 0.1 1
260.11 0.1 1
262.06 0.1 1
264.13 0.1 1
265.92 0.1 1
269.95 0.1 1
273.88 0.1 1
275.84 0.1 1
279.9 0.1 1
285.92 0.1 1
289.79 0.1 1
295.79 0.1 1
297.68 0.1 1
299.68 0.1 1
301.69 0.1 1
303.6 0.1 1
305.71 0.1 1
307.75 0.1 1
309.73 0.1 1
325.59 0.1 1
327.42 0.1 1
331.46 0.1 1
333.49 0.1 1
337.39 0.1 1
341.34 0.1 1
349.26 0.1 1
355.18 0.1 1
359.3 0.1 1
361.23 0.1 1
363.2 0.1 1
365.15 0.1 1
371.05 0.1 1
375.09 0.1 1
377.11 0.1 1
385.04 0.1 1
392.96 0.1 1
394.98 0.1 1
400.93 0.1 1
402.93 0.1 1
410.83 0.1 1
412.9 0.1 1
414.72 0.1 1
424.81 0.1 1
426.74 0.1 1
438.65 0.1 1
440.68 0.1 1
442.55 0.1 1
446.63 0.1 1
448.47 0.1 1
458.47 0.1 1
462.37 0.1 1
466.29 0.1 1
468.31 0.1 1
474.23 0.1 1
480.18 0.1 1
482.36 0.1 1
484.15 0.1 1
486.15 0.1 1
492.12 0.1 1
494.23 0.1 1
496.2 0.1 1
500.07 0.1 1
503.99 0.1 1
