4.12 0.1 1
6.24 0.1 1
10.07 0.1 1
12.04 0.1 1
18.09 0.1 1
20.08 0.1 1
22.1 0.1 1
23.95 0.1 1
25.95 0.1 1
34.02 0.1 1
35.98 0.1 1
37.98 0.1 1
41.92 0.1 1
45.9 0.1 1
47.82 0.1 1
49.81 0.1 1
51.89 0.1 1
57.74 0.1 1
67.61 0.1 1
69.6 0.1 1
71.65 0.1 1
73.55 0.1 1
77.7 0.1 1
79.6 0.1 1
81.65 0.1 1
85.53 0.1 1
87.54 0.1 1
89.52 0.1 1
91.42 0.1 1
95.36 0.1 1
107.26 0.1 1
121.2 0.1 1
125.25 0.1 1
127.23 0.1 1
131.07 0.1 1
133.07 0.1 1
135.02 0.1 1
137.19 0.1 1
139 0.1 1
145.04 0.1 1
146.91 0.1 1
150.94 0.1 1
153.01 0.1 1
154.86 0.1 1
162.8 0.1 1
166.83 0.1 1
168.91 0.1 1
170.83 0.1 1
172.72 0.1 1
176.75 0.1 1
182.8 0.1 1
184.59 0.1 1
190.66 0.1 1
194.71 0.1 1
198.51 0.1 1
202.53 0.1 1
208.6 0.1 1
214.43 0.1 1
218.42 0.1 1
224.4 0.1 1
228.3 0.1 1
238.24 0.1 1
244.21 0.1 1
246.11 0.1 1
250.14 0.1 1
258.06 0.1 1
259.98 0.1 1
262.05 0.1 1
264.02 0.1 1
265.98 0.1 1
270.05 0.1 1
274 0.1 1
275.97 0.1 1
279.89 0.1 1
285.92 0.1 1
289.81 0.1 1
295.68 0.1 1
297.66 0.1 1
299.75 0.1 1
301.6 0.1 1
303.78 0.1 1
305.58 0.1 1
307.7 0.1 1
309.53 0.1 1
325.49 0.1 1
327.49 0.1 1
331.36 0.1 1
333.52 0.1 1
337.43 0.1 1
341.41 0.1 1
349.38 0.1 1
355.33 0.1 1
359.2 0.1 1
361.17 0.1 1
363.27 0.1 1
365.19 0.1 1
371.1 0.1 1
375.06 0.1 1
377.07 0.1 1
384.99 0.1 1
393.01 0.1 1
394.81 0.1 1
400.78 0.1 1
402.93 0.1 1
410.7 0.1 1
412.75 0.1 1
414.69 0.1 1
424.61 0.1 1
426.57 0.1 1
438.58 0.1 1
440.5 0.1 1
442.63 0.1 1
446.6 0.1 1
448.58 0.1 1
458.4 0.1 1
462.35 0.1 1
466.34 0.1 1
468.36 0.1 1
474.34 0.1 1
480.16 0.1 1
482.26 0.1 1
484.19 0.1 1
486.18 0.1 1
492.21 0.1 1
494.16 0.1 1
496.12 0.1 1
499.98 0.1 1
504.02 0.1 1
