4.08 0.1 1
6.2 0.1 1
10.02 0.1 1
11.97 0.1 1
17.98 0.1 1
19.88 0.1 1
21.9 0.1 1
23.95 0.1 1
25.79 0.1 1
33.78 0.1 1
35.66 0.1 1
37.8 0.1 1
41.67 0.1 1
45.67 0.1 1
47.56 0.1 1
49.51 0.1 1
51.48 0.1 1
57.38 0.1 1
67.31 0.1 1
69.43 0.1 1
71.4 0.1 1
73.4 0.1 1
77.27 0.1 1
79.16 0.1 1
81.26 0.1 1
85.11 0.1 1
87.13 0.1 1
89.18 0.1 1
91.08 0.1 1
95.02 0.1 1
107 0.1 1
120.85 0.1 1
124.75 0.1 1
126.75 0.1 1
130.76 0.1 1
132.63 0.1 1
134.69 0.1 1
136.53 0.1 1
138.62 0.1 1
144.5 0.1 1
146.44 0.1 1
150.31 0.1 1
152.38 0.1 1
154.43 0.1 1
162.21 0.1 1
166.21 0.1 1
168.16 0.1 1
170.16 0.1 1
172.2 0.1 1
176.04 0.1 1
182.03 0.1 1
183.9 0.1 1
189.92 0.1 1
193.85 0.1 1
197.79 0.1 1
201.85 0.1 1
207.63 0.1 1
213.56 0.1 1
217.51 0.1 1
223.55 0.1 1
227.52 0.1 1
237.31 0.1 1
243.4 0.1 1
245.41 0.1 1
249.23 0.1 1
257.25 0.1 1
259.1 0.1 1
261.11 0.1 1
263.12 0.1 1
265.18 0.1 1
269.01 0.1 1
272.97 0.1 1
274.97 0.1 1
278.87 0.1 1
284.86 0.1 1
288.75 0.1 1
294.84 0.1 1
296.76 0.1 1
298.64 0.1 1
300.68 0.1 1
302.53 0.1 1
304.58 0.1 1
306.45 0.1 1
308.45 0.1 1
324.4 0.1 1
326.34 0.1 1
330.34 0.1 1
332.19 0.1 1
336.31 0.1 1
340.12 0.1 1
348.14 0.1 1
354.03 0.1 1
358.04 0.1 1
360.07 0.1 1
361.94 0.1 1
363.91 0.1 1
369.76 0.1 1
373.79 0.1 1
375.84 0.1 1
383.78 0.1 1
391.65 0.1 1
393.49 0.1 1
399.61 0.1 1
401.51 0.1 1
409.44 0.1 1
411.46 0.1 1
413.27 0.1 1
423.29 0.1 1
425.19 0.1 1
437.08 0.1 1
439.15 0.1 1
441.12 0.1 1
444.92 0.1 1
447.04 0.1 1
456.8 0.1 1
460.84 0.1 1
464.76 0.1 1
466.75 0.1 1
472.68 0.1 1
478.56 0.1 1
480.71 0.1 1
482.58 0.1 1
484.55 0.1 1
490.49 0.1 1
492.52 0.1 1
494.39 0.1 1
498.44 0.1 1
502.3 0.1 1
