4.21 0.1 1
6.18 0.1 1
10.08 0.1 1
12.1 0.1 1
18.02 0.1 1
20.03 0.1 1
21.98 0.1 1
24.07 0.1 1
26.09 0.1 1
33.92 0.1 1
35.99 0.1 1
37.94 0.1 1
41.88 0.1 1
45.88 0.1 1
47.78 0.1 1
49.86 0.1 1
51.88 0.1 1
57.85 0.1 1
67.62 0.1 1
69.65 0.1 1
71.55 0.1 1
73.7 0.1 1
77.51 0.1 1
79.51 0.1 1
81.46 0.1 1
85.49 0.1 1
87.53 0.1 1
89.48 0.1 1
91.55 0.1 1
95.51 0.1 1
107.42 0.1 1
121.16 0.1 1
125.09 0.1 1
127.28 0.1 1
131.04 0.1 1
133.11 0.1 1
135.01 0.1 1
137 0.1 1
139.01 0.1 1
145.01 0.1 1
146.91 0.1 1
151.05 0.1 1
152.87 0.1 1
154.85 0.1 1
162.89 0.1 1
166.86 0.1 1
168.92 0.1 1
170.87 0.1 1
172.76 0.1 1
176.71 0.1 1
182.78 0.1 1
184.65 0.1 1
190.76 0.1 1
194.55 0.1 1
198.63 0.1 1
202.45 0.1 1
208.49 0.1 1
214.52 0.1 1
218.43 0.1 1
224.43 0.1 1
228.36 0.1 1
238.22 0.1 1
244.17 0.1 1
246.22 0.1 1
250.17 0.1 1
258.11 0.1 1
260.07 0.1 1
262.08 0.1 1
264.09 0.1 1
265.93 0.1 1
270.03 0.1 1
273.93 0.1 1
275.98 0.1 1
279.95 0.1 1
285.95 0.1 1
289.72 0.1 1
295.86 0.1 1
297.79 0.1 1
299.79 0.1 1
301.82 0.1 1
303.74 0.1 1
305.59 0.1 1
307.74 0.1 1
309.64 0.1 1
325.57 0.1 1
327.48 0.1 1
331.5 0.1 1
333.44 0.1 1
337.37 0.1 1
341.42 0.1 1
349.32 0.1 1
355.31 0.1 1
359.23 0.1 1
361.21 0.1 1
363.3 0.1 1
365.15 0.1 1
371.05 0.1 1
375.15 0.1 1
377 0.1 1
384.94 0.1 1
393.04 0.1 1
395.04 0.1 1
400.91 0.1 1
402.83 0.1 1
410.75 0.1 1
412.72 0.1 1
414.82 0.1 1
424.64 0.1 1
426.75 0.1 1
438.51 0.1 1
440.69 0.1 1
442.66 0.1 1
446.56 0.1 1
448.53 0.1 1
458.47 0.1 1
462.5 0.1 1
466.37 0.1 1
468.42 0.1 1
474.42 0.1 1
480.21 0.1 1
482.36 0.1 1
484.24 0.1 1
486.21 0.1 1
492.15 0.1 1
494.13 0.1 1
496.1 0.1 1
500.06 0.1 1
504.02 0.1 1
