4.25 0.1 1
6.21 0.1 1
10.21 0.1 1
12.2 0.1 1
17.98 0.1 1
20 0.1 1
21.97 0.1 1
24.04 0.1 1
25.92 0.1 1
33.97 0.1 1
35.84 0.1 1
37.86 0.1 1
41.78 0.1 1
45.95 0.1 1
47.85 0.1 1
49.86 0.1 1
51.76 0.1 1
57.83 0.1 1
67.69 0.1 1
69.65 0.1 1
71.56 0.1 1
73.52 0.1 1
77.51 0.1 1
79.51 0.1 1
81.66 0.1 1
85.46 0.1 1
87.61 0.1 1
89.51 0.1 1
91.38 0.1 1
95.36 0.1 1
107.27 0.1 1
121.32 0.1 1
125.17 0.1 1
127.11 0.1 1
131.13 0.1 1
133.13 0.1 1
135.03 0.1 1
137.15 0.1 1
139.08 0.1 1
145 0.1 1
146.97 0.1 1
150.9 0.1 1
152.94 0.1 1
155.03 0.1 1
162.81 0.1 1
166.77 0.1 1
168.96 0.1 1
170.76 0.1 1
172.86 0.1 1
176.71 0.1 1
182.83 0.1 1
184.68 0.1 1
190.68 0.1 1
194.67 0.1 1
198.63 0.1 1
202.5 0.1 1
208.56 0.1 1
214.56 0.1 1
218.54 0.1 1
224.31 0.1 1
228.28 0.1 1
238.25 0.1 1
244.19 0.1 1
246.28 0.1 1
250.1 0.1 1
258.11 0.1 1
260.21 0.1 1
262.02 0.1 1
264.11 0.1 1
266.11 0.1 1
270.06 0.1 1
274 0.1 1
276 0.1 1
279.98 0.1 1
285.92 0.1 1
289.88 0.1 1
295.87 0.1 1
297.89 0.1 1
299.82 0.1 1
301.89 0.1 1
303.74 0.1 1
305.67 0.1 1
307.77 0.1 1
309.66 0.1 1
325.6 0.1 1
327.48 0.1 1
331.62 0.1 1
333.45 0.1 1
337.44 0.1 1
341.49 0.1 1
349.42 0.1 1
355.39 0.1 1
359.29 0.1 1
361.21 0.1 1
363.38 0.1 1
365.3 0.1 1
371.18 0.1 1
375.1 0.1 1
377.25 0.1 1
385.22 0.1 1
393.07 0.1 1
395.01 0.1 1
401.06 0.1 1
402.93 0.1 1
410.88 0.1 1
412.98 0.1 1
414.85 0.1 1
424.75 0.1 1
426.75 0.1 1
438.64 0.1 1
440.77 0.1 1
442.76 0.1 1
446.58 0.1 1
448.63 0.1 1
458.58 0.1 1
462.56 0.1 1
466.37 0.1 1
468.47 0.1 1
474.42 0.1 1
480.45 0.1 1
482.34 0.1 1
484.26 0.1 1
486.22 0.1 1
492.26 0.1 1
494.34 0.1 1
496.14 0.1 1
500.18 0.1 1
504.06 0.1 1
