4.16 0.1 1
6.22 0.1 1
10.11 0.1 1
12.08 0.1 1
18.08 0.1 1
20.05 0.1 1
22.06 0.1 1
24 0.1 1
26.03 0.1 1
33.87 0.1 1
35.9 0.1 1
37.82 0.1 1
41.95 0.1 1
45.87 0.1 1
47.94 0.1 1
49.86 0.1 1
51.79 0.1 1
57.76 0.1 1
67.63 0.1 1
69.73 0.1 1
71.75 0.1 1
73.6 0.1 1
77.58 0.1 1
79.55 0.1 1
81.5 0.1 1
85.62 0.1 1
87.55 0.1 1
89.52 0.1 1
91.42 0.1 1
95.44 0.1 1
107.26 0.1 1
121.23 0.1 1
125.15 0.1 1
127.15 0.1 1
131.1 0.1 1
133.15 0.1 1
135.17 0.1 1
137.06 0.1 1
139.02 0.1 1
145.01 0.1 1
146.94 0.1 1
151.04 0.1 1
153.01 0.1 1
155 0.1 1
162.95 0.1 1
166.93 0.1 1
168.83 0.1 1
170.8 0.1 1
172.77 0.1 1
176.7 0.1 1
182.69 0.1 1
184.74 0.1 1
190.62 0.1 1
194.76 0.1 1
198.68 0.1 1
202.63 0.1 1
208.62 0.1 1
214.58 0.1 1
218.5 0.1 1
224.37 0.1 1
228.37 0.1 1
238.38 0.1 1
244.19 0.1 1
246.28 0.1 1
250.16 0.1 1
258.07 0.1 1
260.22 0.1 1
262.17 0.1 1
264.07 0.1 1
266 0.1 1
270.06 0.1 1
274.12 0.1 1
276.11 0.1 1
280.06 0.1 1
285.98 0.1 1
289.86 0.1 1
295.85 0.1 1
297.81 0.1 1
299.82 0.1 1
301.9 0.1 1
303.8 0.1 1
305.68 0.1 1
307.67 0.1 1
309.72 0.1 1
325.64 0.1 1
327.51 0.1 1
331.58 0.1 1
333.6 0.1 1
337.43 0.1 1
341.55 0.1 1
349.32 0.1 1
355.3 0.1 1
359.34 0.1 1
361.34 0.1 1
363.31 0.1 1
365.22 0.1 1
371.18 0.1 1
375.11 0.1 1
377.09 0.1 1
385.13 0.1 1
392.97 0.1 1
395.15 0.1 1
401 0.1 1
402.92 0.1 1
410.89 0.1 1
412.99 0.1 1
414.87 0.1 1
424.81 0.1 1
426.86 0.1 1
438.77 0.1 1
440.72 0.1 1
442.6 0.1 1
446.64 0.1 1
448.54 0.1 1
458.52 0.1 1
462.49 0.1 1
466.58 0.1 1
468.48 0.1 1
474.35 0.1 1
480.43 0.1 1
482.37 0.1 1
484.38 0.1 1
486.35 0.1 1
492.32 0.1 1
494.34 0.1 1
496.14 0.1 1
500.29 0.1 1
504.14 0.1 1
