4.09 0.1 1
6.09 0.1 1
10.14 0.1 1
12.06 0.1 1
18.09 0.1 1
20.16 0.1 1
22.06 0.1 1
24.11 0.1 1
26.08 0.1 1
33.92 0.1 1
35.98 0.1 1
37.94 0.1 1
41.9 0.1 1
45.79 0.1 1
47.85 0.1 1
49.82 0.1 1
51.87 0.1 1
57.66 0.1 1
67.58 0.1 1
69.56 0.1 1
71.66 0.1 1
73.63 0.1 1
77.5 0.1 1
79.52 0.1 1
81.53 0.1 1
85.64 0.1 1
87.55 0.1 1
89.47 0.1 1
91.54 0.1 1
95.39 0.1 1
107.28 0.1 1
121.2 0.1 1
125.13 0.1 1
127.08 0.1 1
131.24 0.1 1
133.19 0.1 1
135.02 0.1 1
137.12 0.1 1
139.09 0.1 1
144.97 0.1 1
146.96 0.1 1
151.06 0.1 1
152.99 0.1 1
154.88 0.1 1
162.83 0.1 1
166.8 0.1 1
168.77 0.1 1
170.82 0.1 1
172.8 0.1 1
176.87 0.1 1
182.77 0.1 1
184.67 0.1 1
190.57 0.1 1
194.71 0.1 1
198.63 0.1 1
202.46 0.1 1
208.43 0.1 1
214.37 0.1 1
218.37 0.1 1
224.42 0.1 1
228.46 0.1 1
238.24 0.1 1
244.11 0.1 1
246.23 0.1 1
250.06 0.1 1
258.07 0.1 1
260.07 0.1 1
262.05 0.1 1
264.07 0.1 1
266 0.1 1
270.06 0.1 1
273.96 0.1 1
275.94 0.1 1
279.99 0.1 1
285.93 0.1 1
289.78 0.1 1
295.73 0.1 1
297.75 0.1 1
299.87 0.1 1
301.68 0.1 1
303.68 0.1 1
305.65 0.1 1
307.75 0.1 1
309.79 0.1 1
325.46 0.1 1
327.53 0.1 1
331.51 0.1 1
333.56 0.1 1
337.55 0.1 1
341.46 0.1 1
349.27 0.1 1
355.4 0.1 1
359.27 0.1 1
361.36 0.1 1
363.16 0.1 1
365.14 0.1 1
371.18 0.1 1
375.06 0.1 1
377.21 0.1 1
385.1 0.1 1
392.97 0.1 1
394.97 0.1 1
401.02 0.1 1
402.97 0.1 1
410.89 0.1 1
412.88 0.1 1
414.73 0.1 1
424.75 0.1 1
426.76 0.1 1
438.73 0.1 1
440.65 0.1 1
442.54 0.1 1
446.6 0.1 1
448.49 0.1 1
458.49 0.1 1
462.44 0.1 1
466.41 0.1 1
468.4 0.1 1
474.43 0.1 1
480.3 0.1 1
482.37 0.1 1
484.33 0.1 1
486.2 0.1 1
492.25 0.1 1
494.11 0.1 1
496.12 0.1 1
500.22 0.1 1
504.04 0.1 1
