4.29 0.1 1
6.17 0.1 1
10.16 0.1 1
12.06 0.1 1
17.99 0.1 1
19.96 0.1 1
21.94 0.1 1
24 0.1 1
26.06 0.1 1
33.97 0.1 1
35.83 0.1 1
37.98 0.1 1
41.84 0.1 1
45.89 0.1 1
47.8 0.1 1
49.91 0.1 1
51.89 0.1 1
57.67 0.1 1
67.63 0.1 1
69.68 0.1 1
71.71 0.1 1
73.53 0.1 1
77.65 0.1 1
79.53 0.1 1
81.57 0.1 1
85.57 0.1 1
87.48 0.1 1
89.49 0.1 1
91.39 0.1 1
95.41 0.1 1
107.41 0.1 1
121.33 0.1 1
125.17 0.1 1
127.22 0.1 1
131.15 0.1 1
133.2 0.1 1
135.24 0.1 1
137.09 0.1 1
139.17 0.1 1
144.99 0.1 1
146.97 0.1 1
151.03 0.1 1
152.88 0.1 1
154.86 0.1 1
162.98 0.1 1
166.93 0.1 1
168.78 0.1 1
170.75 0.1 1
172.77 0.1 1
176.77 0.1 1
182.74 0.1 1
184.7 0.1 1
190.61 0.1 1
194.71 0.1 1
198.58 0.1 1
202.46 0.1 1
208.41 0.1 1
214.37 0.1 1
218.45 0.1 1
224.47 0.1 1
228.32 0.1 1
238.36 0.1 1
244.23 0.1 1
246.19 0.1 1
250.28 0.1 1
258.2 0.1 1
260.13 0.1 1
262.05 0.1 1
264.15 0.1 1
266.12 0.1 1
269.92 0.1 1
273.89 0.1 1
275.99 0.1 1
279.97 0.1 1
285.79 0.1 1
289.84 0.1 1
295.83 0.1 1
297.8 0.1 1
299.7 0.1 1
301.68 0.1 1
303.85 0.1 1
305.73 0.1 1
307.63 0.1 1
309.62 0.1 1
325.64 0.1 1
327.62 0.1 1
331.49 0.1 1
333.41 0.1 1
337.43 0.1 1
341.55 0.1 1
349.3 0.1 1
355.35 0.1 1
359.25 0.1 1
361.35 0.1 1
363.22 0.1 1
365.35 0.1 1
371.27 0.1 1
375.07 0.1 1
377.11 0.1 1
385.11 0.1 1
392.95 0.1 1
395.05 0.1 1
400.97 0.1 1
402.87 0.1 1
410.99 0.1 1
412.87 0.1 1
414.76 0.1 1
424.69 0.1 1
426.66 0.1 1
438.68 0.1 1
440.63 0.1 1
442.57 0.1 1
446.7 0.1 1
448.52 0.1 1
458.54 0.1 1
462.54 0.1 1
466.51 0.1 1
468.49 0.1 1
474.33 0.1 1
480.31 0.1 1
482.38 0.1 1
484.2 0.1 1
486.37 0.1 1
492.23 0.1 1
494.3 0.1 1
496.15 0.1 1
500.25 0.1 1
504.09 0.1 1
