4.24 0.1 1
6.14 0.1 1
10.23 0.1 1
12.14 0.1 1
18.01 0.1 1
20.16 0.1 1
21.95 0.1 1
24.05 0.1 1
26.05 0.1 1
33.85 0.1 1
35.87 0.1 1
38 0.1 1
41.8 0.1 1
45.92 0.1 1
47.91 0.1 1
49.91 0.1 1
51.79 0.1 1
57.86 0.1 1
67.6 0.1 1
69.63 0.1 1
71.63 0.1 1
73.73 0.1 1
77.7 0.1 1
79.5 0.1 1
81.55 0.1 1
85.5 0.1 1
87.49 0.1 1
89.52 0.1 1
91.46 0.1 1
95.47 0.1 1
107.28 0.1 1
121.28 0.1 1
125.27 0.1 1
127.19 0.1 1
131.1 0.1 1
133.21 0.1 1
135.11 0.1 1
137.16 0.1 1
139.04 0.1 1
145.04 0.1 1
147.13 0.1 1
151.04 0.1 1
153.08 0.1 1
155.01 0.1 1
162.83 0.1 1
166.83 0.1 1
168.94 0.1 1
170.77 0.1 1
172.77 0.1 1
176.82 0.1 1
182.77 0.1 1
184.81 0.1 1
190.79 0.1 1
194.68 0.1 1
198.53 0.1 1
202.51 0.1 1
208.53 0.1 1
214.5 0.1 1
218.4 0.1 1
224.5 0.1 1
228.46 0.1 1
238.38 0.1 1
244.26 0.1 1
246.3 0.1 1
250.11 0.1 1
258.1 0.1 1
260.17 0.1 1
262.05 0.1 1
264.04 0.1 1
266 0.1 1
270.14 0.1 1
274.06 0.1 1
276.07 0.1 1
279.94 0.1 1
285.93 0.1 1
289.98 0.1 1
295.9 0.1 1
297.76 0.1 1
299.83 0.1 1
301.7 0.1 1
303.72 0.1 1
305.75 0.1 1
307.83 0.1 1
309.69 0.1 1
325.59 0.1 1
327.48 0.1 1
331.49 0.1 1
333.61 0.1 1
337.51 0.1 1
341.48 0.1 1
349.32 0.1 1
355.27 0.1 1
359.3 0.1 1
361.24 0.1 1
363.27 0.1 1
365.2 0.1 1
371.17 0.1 1
375.11 0.1 1
377.16 0.1 1
385.15 0.1 1
393.13 0.1 1
395.12 0.1 1
400.9 0.1 1
402.88 0.1 1
410.81 0.1 1
412.84 0.1 1
414.91 0.1 1
424.81 0.1 1
426.84 0.1 1
438.65 0.1 1
440.73 0.1 1
442.75 0.1 1
446.67 0.1 1
448.52 0.1 1
458.54 0.1 1
462.52 0.1 1
466.46 0.1 1
468.38 0.1 1
474.33 0.1 1
480.4 0.1 1
482.31 0.1 1
484.4 0.1 1
486.38 0.1 1
492.25 0.1 1
494.24 0.1 1
496.15 0.1 1
500.09 0.1 1
504.11 0.1 1
