4.27 0.1 1
6.25 0.1 1
10.07 0.1 1
12.11 0.1 1
18.08 0.1 1
20.13 0.1 1
21.98 0.1 1
24.03 0.1 1
26.05 0.1 1
33.98 0.1 1
35.9 0.1 1
37.88 0.1 1
41.85 0.1 1
45.9 0.1 1
47.77 0.1 1
49.9 0.1 1
51.77 0.1 1
57.82 0.1 1
67.73 0.1 1
69.69 0.1 1
71.56 0.1 1
73.71 0.1 1
77.65 0.1 1
79.5 0.1 1
81.6 0.1 1
85.58 0.1 1
87.48 0.1 1
89.58 0.1 1
91.54 0.1 1
95.49 0.1 1
107.39 0.1 1
121.35 0.1 1
125.22 0.1 1
127.27 0.1 1
131.25 0.1 1
133.08 0.1 1
135.24 0.1 1
137.17 0.1 1
139.19 0.1 1
145.04 0.1 1
147.04 0.1 1
150.94 0.1 1
152.89 0.1 1
154.93 0.1 1
162.98 0.1 1
166.81 0.1 1
168.76 0.1 1
170.91 0.1 1
172.91 0.1 1
176.85 0.1 1
182.65 0.1 1
184.79 0.1 1
190.66 0.1 1
194.64 0.1 1
198.71 0.1 1
202.58 0.1 1
208.63 0.1 1
214.4 0.1 1
218.48 0.1 1
224.43 0.1 1
228.49 0.1 1
238.29 0.1 1
244.31 0.1 1
246.26 0.1 1
250.19 0.1 1
258.13 0.1 1
260.15 0.1 1
262.13 0.1 1
264 0.1 1
265.98 0.1 1
270.08 0.1 1
274.12 0.1 1
276.1 0.1 1
280.07 0.1 1
285.96 0.1 1
289.82 0.1 1
295.93 0.1 1
297.93 0.1 1
299.73 0.1 1
301.71 0.1 1
303.78 0.1 1
305.85 0.1 1
307.7 0.1 1
309.63 0.1 1
325.7 0.1 1
327.52 0.1 1
331.59 0.1 1
333.62 0.1 1
337.43 0.1 1
341.48 0.1 1
349.46 0.1 1
355.38 0.1 1
359.37 0.1 1
361.23 0.1 1
363.32 0.1 1
365.33 0.1 1
371.15 0.1 1
375.17 0.1 1
377.19 0.1 1
385.19 0.1 1
393.13 0.1 1
395.06 0.1 1
401.01 0.1 1
402.88 0.1 1
410.83 0.1 1
412.94 0.1 1
414.8 0.1 1
424.69 0.1 1
426.86 0.1 1
438.66 0.1 1
440.6 0.1 1
442.6 0.1 1
446.58 0.1 1
448.6 0.1 1
458.5 0.1 1
462.39 0.1 1
466.4 0.1 1
468.54 0.1 1
474.29 0.1 1
480.33 0.1 1
482.41 0.1 1
484.39 0.1 1
486.38 0.1 1
492.18 0.1 1
494.23 0.1 1
496.23 0.1 1
500.12 0.1 1
504.2 0.1 1
