4.12 0.1 1
6.25 0.1 1
10.22 0.1 1
12.12 0.1 1
18 0.1 1
19.99 0.1 1
22.04 0.1 1
24.06 0.1 1
25.91 0.1 1
33.86 0.1 1
36.03 0.1 1
38.01 0.1 1
41.78 0.1 1
45.77 0.1 1
47.87 0.1 1
49.92 0.1 1
51.78 0.1 1
57.84 0.1 1
67.62 0.1 1
69.62 0.1 1
71.67 0.1 1
73.53 0.1 1
77.66 0.1 1
79.51 0.1 1
81.59 0.1 1
85.51 0.1 1
87.43 0.1 1
89.4 0.1 1
91.5 0.1 1
95.38 0.1 1
107.36 0.1 1
121.14 0.1 1
125.11 0.1 1
127.26 0.1 1
131.13 0.1 1
133.15 0.1 1
135.01 0.1 1
137.05 0.1 1
139.13 0.1 1
145.07 0.1 1
146.94 0.1 1
150.94 0.1 1
152.91 0.1 1
155.02 0.1 1
162.84 0.1 1
166.74 0.1 1
168.88 0.1 1
170.91 0.1 1
172.75 0.1 1
176.73 0.1 1
182.77 0.1 1
184.8 0.1 1
190.67 0.1 1
194.67 0.1 1
198.69 0.1 1
202.46 0.1 1
208.54 0.1 1
214.51 0.1 1
218.43 0.1 1
224.31 0.1 1
228.42 0.1 1
238.35 0.1 1
244.17 0.1 1
246.21 0.1 1
250.27 0.1 1
258.18 0.1 1
260.06 0.1 1
262 0.1 1
263.96 0.1 1
266.08 0.1 1
270.03 0.1 1
274.03 0.1 1
275.88 0.1 1
279.82 0.1 1
285.85 0.1 1
289.86 0.1 1
295.76 0.1 1
297.69 0.1 1
299.79 0.1 1
301.84 0.1 1
303.78 0.1 1
305.71 0.1 1
307.78 0.1 1
309.75 0.1 1
325.5 0.1 1
327.64 0.1 1
331.59 0.1 1
333.5 0.1 1
337.51 0.1 1
341.46 0.1 1
349.31 0.1 1
355.28 0.1 1
359.36 0.1 1
361.18 0.1 1
363.2 0.1 1
365.25 0.1 1
371.24 0.1 1
375.12 0.1 1
377.15 0.1 1
385.09 0.1 1
392.99 0.1 1
394.89 0.1 1
400.9 0.1 1
402.93 0.1 1
410.9 0.1 1
412.9 0.1 1
414.87 0.1 1
424.7 0.1 1
426.64 0.1 1
438.64 0.1 1
440.61 0.1 1
442.56 0.1 1
446.53 0.1 1
448.53 0.1 1
458.43 0.1 1
462.55 0.1 1
466.45 0.1 1
468.4 0.1 1
474.46 0.1 1
480.36 0.1 1
482.26 0.1 1
484.31 0.1 1
486.31 0.1 1
492.23 0.1 1
494.1 0.1 1
496.1 0.1 1
500.23 0.1 1
504.02 0.1 1
