4.2 0.1 1
6.07 0.1 1
10.04 0.1 1
12.07 0.1 1
18.17 0.1 1
20.02 0.1 1
22.09 0.1 1
24.04 0.1 1
26.01 0.1 1
33.9 0.1 1
35.85 0.1 1
37.98 0.1 1
41.8 0.1 1
45.94 0.1 1
47.82 0.1 1
49.8 0.1 1
51.89 0.1 1
57.82 0.1 1
67.59 0.1 1
69.73 0.1 1
71.71 0.1 1
73.68 0.1 1
77.5 0.1 1
79.56 0.1 1
81.61 0.1 1
85.47 0.1 1
87.42 0.1 1
89.55 0.1 1
91.42 0.1 1
95.4 0.1 1
107.41 0.1 1
121.31 0.1 1
125.13 0.1 1
127.27 0.1 1
131.18 0.1 1
133.1 0.1 1
135.13 0.1 1
137.12 0.1 1
139.12 0.1 1
145.06 0.1 1
147.06 0.1 1
151.07 0.1 1
153.06 0.1 1
155.04 0.1 1
162.78 0.1 1
166.93 0.1 1
168.78 0.1 1
170.85 0.1 1
172.8 0.1 1
176.87 0.1 1
182.8 0.1 1
184.59 0.1 1
190.62 0.1 1
194.69 0.1 1
198.57 0.1 1
202.54 0.1 1
208.51 0.1 1
214.36 0.1 1
218.32 0.1 1
224.45 0.1 1
228.27 0.1 1
238.31 0.1 1
244.19 0.1 1
246.16 0.1 1
250.08 0.1 1
258.11 0.1 1
260.17 0.1 1
262.05 0.1 1
264 0.1 1
265.97 0.1 1
269.9 0.1 1
273.85 0.1 1
275.97 0.1 1
279.81 0.1 1
285.79 0.1 1
289.88 0.1 1
295.73 0.1 1
297.76 0.1 1
299.71 0.1 1
301.8 0.1 1
303.58 0.1 1
305.65 0.1 1
307.67 0.1 1
309.57 0.1 1
325.44 0.1 1
327.39 0.1 1
331.48 0.1 1
333.49 0.1 1
337.46 0.1 1
341.36 0.1 1
349.28 0.1 1
355.27 0.1 1
359.17 0.1 1
361.22 0.1 1
363.12 0.1 1
365.14 0.1 1
371.17 0.1 1
375.04 0.1 1
377.07 0.1 1
385.1 0.1 1
393.01 0.1 1
395.01 0.1 1
400.85 0.1 1
402.88 0.1 1
410.72 0.1 1
412.69 0.1 1
414.86 0.1 1
424.76 0.1 1
426.63 0.1 1
438.5 0.1 1
440.6 0.1 1
442.48 0.1 1
446.58 0.1 1
448.4 0.1 1
458.41 0.1 1
462.46 0.1 1
466.34 0.1 1
468.29 0.1 1
474.3 0.1 1
480.16 0.1 1
482.17 0.1 1
484.2 0.1 1
486.23 0.1 1
492.15 0.1 1
494.19 0.1 1
496.07 0.1 1
500.07 0.1 1
504.09 0.1 1
