4.2 0.1 1
6.27 0.1 1
10.1 0.1 1
12.22 0.1 1
18.09 0.1 1
20.12 0.1 1
21.94 0.1 1
24.07 0.1 1
26.01 0.1 1
34.04 0.1 1
35.86 0.1 1
37.9 0.1 1
41.81 0.1 1
45.87 0.1 1
47.88 0.1 1
49.75 0.1 1
51.9 0.1 1
57.79 0.1 1
67.67 0.1 1
69.72 0.1 1
71.59 0.1 1
73.54 0.1 1
77.51 0.1 1
79.46 0.1 1
81.53 0.1 1
85.45 0.1 1
87.5 0.1 1
89.42 0.1 1
91.55 0.1 1
95.45 0.1 1
107.32 0.1 1
121.13 0.1 1
125.19 0.1 1
127.26 0.1 1
131.15 0.1 1
133.01 0.1 1
135.16 0.1 1
137.18 0.1 1
139.08 0.1 1
145.1 0.1 1
146.95 0.1 1
151 0.1 1
153.02 0.1 1
154.94 0.1 1
162.84 0.1 1
166.89 0.1 1
168.79 0.1 1
170.86 0.1 1
172.84 0.1 1
176.75 0.1 1
182.77 0.1 1
184.78 0.1 1
190.69 0.1 1
194.52 0.1 1
198.5 0.1 1
202.52 0.1 1
208.46 0.1 1
214.43 0.1 1
218.46 0.1 1
224.31 0.1 1
228.28 0.1 1
238.24 0.1 1
244.17 0.1 1
246.24 0.1 1
250.21 0.1 1
258.01 0.1 1
260.14 0.1 1
262.08 0.1 1
263.95 0.1 1
266.11 0.1 1
269.91 0.1 1
273.85 0.1 1
275.95 0.1 1
279.85 0.1 1
285.82 0.1 1
289.82 0.1 1
295.72 0.1 1
297.82 0.1 1
299.64 0.1 1
301.83 0.1 1
303.73 0.1 1
305.78 0.1 1
307.75 0.1 1
309.58 0.1 1
325.45 0.1 1
327.47 0.1 1
331.49 0.1 1
333.39 0.1 1
337.47 0.1 1
341.36 0.1 1
349.31 0.1 1
355.16 0.1 1
359.3 0.1 1
361.12 0.1 1
363.3 0.1 1
365.17 0.1 1
371.12 0.1 1
375.09 0.1 1
377 0.1 1
385.06 0.1 1
392.99 0.1 1
395.01 0.1 1
400.93 0.1 1
402.95 0.1 1
410.92 0.1 1
412.77 0.1 1
414.73 0.1 1
424.7 0.1 1
426.62 0.1 1
438.68 0.1 1
440.49 0.1 1
442.53 0.1 1
446.46 0.1 1
448.45 0.1 1
458.37 0.1 1
462.44 0.1 1
466.42 0.1 1
468.44 0.1 1
474.21 0.1 1
480.32 0.1 1
482.23 0.1 1
484.24 0.1 1
486.18 0.1 1
492.13 0.1 1
494.15 0.1 1
496.17 0.1 1
500.17 0.1 1
504.07 0.1 1
