4.26 0.1 1
6.03 0.1 1
10.05 0.1 1
12.01 0.1 1
17.96 0.1 1
19.88 0.1 1
21.93 0.1 1
23.9 0.1 1
25.82 0.1 1
33.74 0.1 1
35.83 0.1 1
37.7 0.1 1
41.72 0.1 1
45.62 0.1 1
47.66 0.1 1
49.59 0.1 1
51.58 0.1 1
57.49 0.1 1
67.4 0.1 1
69.41 0.1 1
71.23 0.1 1
73.4 0.1 1
77.19 0.1 1
79.14 0.1 1
81.23 0.1 1
85.18 0.1 1
87.11 0.1 1
89.12 0.1 1
90.97 0.1 1
94.97 0.1 1
106.94 0.1 1
120.82 0.1 1
124.67 0.1 1
126.7 0.1 1
130.74 0.1 1
132.65 0.1 1
134.5 0.1 1
136.48 0.1 1
138.62 0.1 1
144.42 0.1 1
146.44 0.1 1
150.3 0.1 1
152.38 0.1 1
154.23 0.1 1
162.34 0.1 1
166.13 0.1 1
168.26 0.1 1
170.12 0.1 1
172.17 0.1 1
175.97 0.1 1
182.09 0.1 1
183.88 0.1 1
189.94 0.1 1
193.79 0.1 1
197.81 0.1 1
201.83 0.1 1
207.65 0.1 1
213.68 0.1 1
217.66 0.1 1
223.45 0.1 1
227.46 0.1 1
237.42 0.1 1
243.39 0.1 1
245.43 0.1 1
249.25 0.1 1
257.3 0.1 1
259.07 0.1 1
261.16 0.1 1
263.18 0.1 1
264.98 0.1 1
269.13 0.1 1
273.04 0.1 1
274.97 0.1 1
278.94 0.1 1
284.92 0.1 1
288.74 0.1 1
294.64 0.1 1
296.61 0.1 1
298.76 0.1 1
300.66 0.1 1
302.57 0.1 1
304.58 0.1 1
306.45 0.1 1
308.62 0.1 1
324.36 0.1 1
326.44 0.1 1
330.34 0.1 1
332.18 0.1 1
336.2 0.1 1
340.14 0.1 1
348.05 0.1 1
354.05 0.1 1
358.09 0.1 1
359.99 0.1 1
361.84 0.1 1
363.93 0.1 1
369.92 0.1 1
373.87 0.1 1
375.74 0.1 1
383.67 0.1 1
391.72 0.1 1
393.61 0.1 1
399.61 0.1 1
401.47 0.1 1
409.32 0.1 1
411.34 0.1 1
413.28 0.1 1
423.24 0.1 1
425.34 0.1 1
437.24 0.1 1
439.04 0.1 1
441.12 0.1 1
445.01 0.1 1
446.96 0.1 1
457 0.1 1
460.91 0.1 1
464.88 0.1 1
466.71 0.1 1
472.72 0.1 1
478.56 0.1 1
480.73 0.1 1
482.67 0.1 1
484.55 0.1 1
490.57 0.1 1
492.43 0.1 1
494.54 0.1 1
498.46 0.1 1
502.27 0.1 1
