4.11 0.1 1
6.19 0.1 1
10.23 0.1 1
12.03 0.1 1
18 0.1 1
20.1 0.1 1
22.05 0.1 1
23.98 0.1 1
26.07 0.1 1
34.05 0.1 1
35.99 0.1 1
37.94 0.1 1
41.89 0.1 1
45.87 0.1 1
47.79 0.1 1
49.82 0.1 1
51.88 0.1 1
57.68 0.1 1
67.78 0.1 1
69.73 0.1 1
71.72 0.1 1
73.55 0.1 1
77.53 0.1 1
79.69 0.1 1
81.52 0.1 1
85.45 0.1 1
87.62 0.1 1
89.57 0.1 1
91.39 0.1 1
95.41 0.1 1
107.44 0.1 1
121.32 0.1 1
125.17 0.1 1
127.12 0.1 1
131.17 0.1 1
133.17 0.1 1
135.21 0.1 1
137.17 0.1 1
139.11 0.1 1
145.11 0.1 1
147.03 0.1 1
150.98 0.1 1
152.88 0.1 1
154.93 0.1 1
162.93 0.1 1
166.88 0.1 1
168.8 0.1 1
170.88 0.1 1
172.8 0.1 1
176.85 0.1 1
182.62 0.1 1
184.76 0.1 1
190.76 0.1 1
194.64 0.1 1
198.58 0.1 1
202.45 0.1 1
208.45 0.1 1
214.55 0.1 1
218.34 0.1 1
224.35 0.1 1
228.44 0.1 1
238.36 0.1 1
244.16 0.1 1
246.2 0.1 1
250.2 0.1 1
258.13 0.1 1
260.04 0.1 1
262.08 0.1 1
264.07 0.1 1
266.12 0.1 1
269.92 0.1 1
273.91 0.1 1
276.06 0.1 1
279.91 0.1 1
285.88 0.1 1
289.95 0.1 1
295.85 0.1 1
297.87 0.1 1
299.82 0.1 1
301.75 0.1 1
303.68 0.1 1
305.7 0.1 1
307.6 0.1 1
309.62 0.1 1
325.64 0.1 1
327.64 0.1 1
331.43 0.1 1
333.55 0.1 1
337.53 0.1 1
341.33 0.1 1
349.47 0.1 1
355.35 0.1 1
359.34 0.1 1
361.17 0.1 1
363.16 0.1 1
365.29 0.1 1
371.29 0.1 1
375.24 0.1 1
377.11 0.1 1
385.01 0.1 1
392.97 0.1 1
394.93 0.1 1
401 0.1 1
402.9 0.1 1
410.79 0.1 1
412.86 0.1 1
414.88 0.1 1
424.8 0.1 1
426.8 0.1 1
438.58 0.1 1
440.62 0.1 1
442.54 0.1 1
446.69 0.1 1
448.49 0.1 1
458.59 0.1 1
462.46 0.1 1
466.38 0.1 1
468.5 0.1 1
474.35 0.1 1
480.3 0.1 1
482.2 0.1 1
484.25 0.1 1
486.37 0.1 1
492.22 0.1 1
494.19 0.1 1
496.11 0.1 1
500.06 0.1 1
504.07 0.1 1
