4.11 0.1 1
6.08 0.1 1
10.15 0.1 1
12.11 0.1 1
18.07 0.1 1
19.95 0.1 1
22 0.1 1
24.05 0.1 1
25.95 0.1 1
33.92 0.1 1
35.92 0.1 1
37.89 0.1 1
41.89 0.1 1
45.76 0.1 1
47.86 0.1 1
49.71 0.1 1
51.8 0.1 1
57.85 0.1 1
67.58 0.1 1
69.7 0.1 1
71.72 0.1 1
73.7 0.1 1
77.54 0.1 1
79.52 0.1 1
81.61 0.1 1
85.49 0.1 1
87.59 0.1 1
89.59 0.1 1
91.38 0.1 1
95.48 0.1 1
107.25 0.1 1
121.17 0.1 1
125.14 0.1 1
127.22 0.1 1
131.21 0.1 1
133.06 0.1 1
135.12 0.1 1
137.18 0.1 1
139.11 0.1 1
145.04 0.1 1
146.93 0.1 1
151 0.1 1
152.97 0.1 1
154.95 0.1 1
162.92 0.1 1
166.85 0.1 1
168.8 0.1 1
170.92 0.1 1
172.81 0.1 1
176.77 0.1 1
182.63 0.1 1
184.71 0.1 1
190.73 0.1 1
194.6 0.1 1
198.63 0.1 1
202.53 0.1 1
208.53 0.1 1
214.55 0.1 1
218.47 0.1 1
224.41 0.1 1
228.39 0.1 1
238.36 0.1 1
244.26 0.1 1
246.31 0.1 1
250.27 0.1 1
258.05 0.1 1
260.1 0.1 1
262 0.1 1
264.11 0.1 1
266.12 0.1 1
269.97 0.1 1
273.93 0.1 1
275.89 0.1 1
279.98 0.1 1
285.9 0.1 1
289.76 0.1 1
295.82 0.1 1
297.85 0.1 1
299.88 0.1 1
301.75 0.1 1
303.85 0.1 1
305.67 0.1 1
307.82 0.1 1
309.64 0.1 1
325.58 0.1 1
327.63 0.1 1
331.63 0.1 1
333.56 0.1 1
337.42 0.1 1
341.42 0.1 1
349.45 0.1 1
355.29 0.1 1
359.41 0.1 1
361.32 0.1 1
363.27 0.1 1
365.29 0.1 1
371.28 0.1 1
375.26 0.1 1
377.2 0.1 1
385.02 0.1 1
393.09 0.1 1
395.02 0.1 1
400.92 0.1 1
402.87 0.1 1
410.88 0.1 1
412.83 0.1 1
414.94 0.1 1
424.7 0.1 1
426.7 0.1 1
438.67 0.1 1
440.57 0.1 1
442.64 0.1 1
446.56 0.1 1
448.49 0.1 1
458.38 0.1 1
462.51 0.1 1
466.33 0.1 1
468.33 0.1 1
474.38 0.1 1
480.23 0.1 1
482.33 0.1 1
484.37 0.1 1
486.32 0.1 1
492.24 0.1 1
494.17 0.1 1
496.19 0.1 1
500.04 0.1 1
504.11 0.1 1
