4.14 0.1 1
6.21 0.1 1
10.18 0.1 1
12.11 0.1 1
18.09 0.1 1
19.98 0.1 1
22.05 0.1 1
23.96 0.1 1
26 0.1 1
33.87 0.1 1
36 0.1 1
37.9 0.1 1
41.84 0.1 1
45.94 0.1 1
47.85 0.1 1
49.82 0.1 1
51.91 0.1 1
57.74 0.1 1
67.75 0.1 1
69.75 0.1 1
71.65 0.1 1
73.53 0.1 1
77.52 0.1 1
79.6 0.1 1
81.47 0.1 1
85.59 0.1 1
87.47 0.1 1
89.54 0.1 1
91.55 0.1 1
95.46 0.1 1
107.33 0.1 1
121.17 0.1 1
125.27 0.1 1
127.1 0.1 1
131.24 0.1 1
133.07 0.1 1
135.05 0.1 1
137.1 0.1 1
139.14 0.1 1
144.99 0.1 1
146.99 0.1 1
150.96 0.1 1
152.91 0.1 1
154.98 0.1 1
162.9 0.1 1
166.9 0.1 1
168.73 0.1 1
170.92 0.1 1
172.75 0.1 1
176.78 0.1 1
182.69 0.1 1
184.6 0.1 1
190.56 0.1 1
194.53 0.1 1
198.48 0.1 1
202.63 0.1 1
208.48 0.1 1
214.48 0.1 1
218.43 0.1 1
224.4 0.1 1
228.27 0.1 1
238.21 0.1 1
244.16 0.1 1
246.28 0.1 1
250.16 0.1 1
258 0.1 1
260.13 0.1 1
262.15 0.1 1
264.1 0.1 1
266.05 0.1 1
269.9 0.1 1
273.87 0.1 1
275.94 0.1 1
279.84 0.1 1
285.82 0.1 1
289.76 0.1 1
295.75 0.1 1
297.73 0.1 1
299.78 0.1 1
301.65 0.1 1
303.81 0.1 1
305.76 0.1 1
307.63 0.1 1
309.65 0.1 1
325.56 0.1 1
327.54 0.1 1
331.57 0.1 1
333.51 0.1 1
337.46 0.1 1
341.41 0.1 1
349.45 0.1 1
355.37 0.1 1
359.23 0.1 1
361.35 0.1 1
363.34 0.1 1
365.32 0.1 1
371.14 0.1 1
375.04 0.1 1
377.07 0.1 1
384.98 0.1 1
393.08 0.1 1
395.05 0.1 1
400.88 0.1 1
402.95 0.1 1
410.84 0.1 1
412.87 0.1 1
414.84 0.1 1
424.64 0.1 1
426.73 0.1 1
438.56 0.1 1
440.6 0.1 1
442.66 0.1 1
446.57 0.1 1
448.5 0.1 1
458.39 0.1 1
462.37 0.1 1
466.49 0.1 1
468.36 0.1 1
474.29 0.1 1
480.29 0.1 1
482.33 0.1 1
484.33 0.1 1
486.15 0.1 1
492.21 0.1 1
494.2 0.1 1
496.15 0.1 1
500.2 0.1 1
504.15 0.1 1
