4.29 0.1 1
6.16 0.1 1
10.21 0.1 1
12.16 0.1 1
18.1 0.1 1
19.98 0.1 1
21.96 0.1 1
24.07 0.1 1
26.1 0.1 1
33.95 0.1 1
35.97 0.1 1
37.82 0.1 1
41.82 0.1 1
45.92 0.1 1
47.92 0.1 1
49.72 0.1 1
51.84 0.1 1
57.84 0.1 1
67.66 0.1 1
69.66 0.1 1
71.63 0.1 1
73.58 0.1 1
77.52 0.1 1
79.69 0.1 1
81.6 0.1 1
85.59 0.1 1
87.6 0.1 1
89.5 0.1 1
91.41 0.1 1
95.54 0.1 1
107.46 0.1 1
121.2 0.1 1
125.22 0.1 1
127.28 0.1 1
131.19 0.1 1
133.17 0.1 1
135.17 0.1 1
137.1 0.1 1
139.11 0.1 1
145.09 0.1 1
147.01 0.1 1
151.04 0.1 1
152.98 0.1 1
155 0.1 1
162.98 0.1 1
166.98 0.1 1
168.82 0.1 1
170.88 0.1 1
172.84 0.1 1
176.9 0.1 1
182.75 0.1 1
184.82 0.1 1
190.66 0.1 1
194.71 0.1 1
198.54 0.1 1
202.5 0.1 1
208.58 0.1 1
214.47 0.1 1
218.5 0.1 1
224.4 0.1 1
228.47 0.1 1
238.28 0.1 1
244.34 0.1 1
246.19 0.1 1
250.18 0.1 1
258.2 0.1 1
260.17 0.1 1
262.05 0.1 1
264.07 0.1 1
266.08 0.1 1
270.04 0.1 1
273.95 0.1 1
276.11 0.1 1
279.92 0.1 1
285.96 0.1 1
289.93 0.1 1
295.78 0.1 1
297.83 0.1 1
299.91 0.1 1
301.9 0.1 1
303.81 0.1 1
305.87 0.1 1
307.73 0.1 1
309.8 0.1 1
325.69 0.1 1
327.52 0.1 1
331.54 0.1 1
333.46 0.1 1
337.46 0.1 1
341.44 0.1 1
349.43 0.1 1
355.35 0.1 1
359.24 0.1 1
361.24 0.1 1
363.35 0.1 1
365.27 0.1 1
371.32 0.1 1
375.24 0.1 1
377.11 0.1 1
385.16 0.1 1
392.98 0.1 1
395.11 0.1 1
400.92 0.1 1
402.88 0.1 1
410.85 0.1 1
412.89 0.1 1
414.8 0.1 1
424.76 0.1 1
426.77 0.1 1
438.71 0.1 1
440.61 0.1 1
442.73 0.1 1
446.55 0.1 1
448.65 0.1 1
458.47 0.1 1
462.56 0.1 1
466.41 0.1 1
468.52 0.1 1
474.41 0.1 1
480.38 0.1 1
482.41 0.1 1
484.31 0.1 1
486.23 0.1 1
492.23 0.1 1
494.33 0.1 1
496.15 0.1 1
500.29 0.1 1
504.19 0.1 1
