4.12 0.1 1
6.08 0.1 1
10.07 0.1 1
12.05 0.1 1
18.17 0.1 1
19.95 0.1 1
22.01 0.1 1
23.96 0.1 1
25.99 0.1 1
33.96 0.1 1
35.94 0.1 1
37.93 0.1 1
41.8 0.1 1
45.95 0.1 1
47.78 0.1 1
49.72 0.1 1
51.7 0.1 1
57.73 0.1 1
67.62 0.1 1
69.76 0.1 1
71.56 0.1 1
73.72 0.1 1
77.54 0.1 1
79.61 0.1 1
81.59 0.1 1
85.51 0.1 1
87.41 0.1 1
89.58 0.1 1
91.48 0.1 1
95.43 0.1 1
107.44 0.1 1
121.26 0.1 1
125.28 0.1 1
127.24 0.1 1
131.19 0.1 1
133.2 0.1 1
135.03 0.1 1
137.18 0.1 1
139.16 0.1 1
145.1 0.1 1
147.07 0.1 1
151.07 0.1 1
152.92 0.1 1
155 0.1 1
162.89 0.1 1
166.91 0.1 1
168.91 0.1 1
170.78 0.1 1
172.88 0.1 1
176.71 0.1 1
182.78 0.1 1
184.63 0.1 1
190.65 0.1 1
194.65 0.1 1
198.64 0.1 1
202.5 0.1 1
208.52 0.1 1
214.49 0.1 1
218.51 0.1 1
224.4 0.1 1
228.36 0.1 1
238.27 0.1 1
244.12 0.1 1
246.12 0.1 1
250.06 0.1 1
258.16 0.1 1
260.07 0.1 1
262.14 0.1 1
263.94 0.1 1
265.93 0.1 1
269.94 0.1 1
273.9 0.1 1
276.01 0.1 1
279.81 0.1 1
285.8 0.1 1
289.85 0.1 1
295.72 0.1 1
297.74 0.1 1
299.72 0.1 1
301.81 0.1 1
303.67 0.1 1
305.73 0.1 1
307.71 0.1 1
309.64 0.1 1
325.51 0.1 1
327.62 0.1 1
331.43 0.1 1
333.52 0.1 1
337.4 0.1 1
341.37 0.1 1
349.44 0.1 1
355.23 0.1 1
359.24 0.1 1
361.23 0.1 1
363.18 0.1 1
365.28 0.1 1
371.25 0.1 1
375.23 0.1 1
377.05 0.1 1
384.97 0.1 1
392.87 0.1 1
395.02 0.1 1
400.89 0.1 1
402.96 0.1 1
410.9 0.1 1
412.83 0.1 1
414.71 0.1 1
424.68 0.1 1
426.63 0.1 1
438.56 0.1 1
440.66 0.1 1
442.52 0.1 1
446.52 0.1 1
448.49 0.1 1
458.36 0.1 1
462.4 0.1 1
466.35 0.1 1
468.47 0.1 1
474.29 0.1 1
480.27 0.1 1
482.34 0.1 1
484.26 0.1 1
486.24 0.1 1
492.24 0.1 1
494.09 0.1 1
496.14 0.1 1
500.08 0.1 1
504.06 0.1 1
