4.17 0.1 1
6.24 0.1 1
10.22 0.1 1
12.06 0.1 1
18.18 0.1 1
20.03 0.1 1
22.08 0.1 1
24.01 0.1 1
25.91 0.1 1
33.91 0.1 1
35.9 0.1 1
37.85 0.1 1
41.95 0.1 1
45.79 0.1 1
47.77 0.1 1
49.77 0.1 1
51.7 0.1 1
57.67 0.1 1
67.78 0.1 1
69.59 0.1 1
71.66 0.1 1
73.66 0.1 1
77.61 0.1 1
79.58 0.1 1
81.61 0.1 1
85.52 0.1 1
87.47 0.1 1
89.6 0.1 1
91.55 0.1 1
95.42 0.1 1
107.26 0.1 1
121.33 0.1 1
125.13 0.1 1
127.28 0.1 1
131.07 0.1 1
133.22 0.1 1
135.08 0.1 1
137.09 0.1 1
139.12 0.1 1
144.97 0.1 1
147.12 0.1 1
150.94 0.1 1
152.91 0.1 1
154.88 0.1 1
162.99 0.1 1
166.86 0.1 1
168.93 0.1 1
170.81 0.1 1
172.91 0.1 1
176.85 0.1 1
182.65 0.1 1
184.63 0.1 1
190.64 0.1 1
194.66 0.1 1
198.69 0.1 1
202.57 0.1 1
208.59 0.1 1
214.58 0.1 1
218.48 0.1 1
224.5 0.1 1
228.37 0.1 1
238.29 0.1 1
244.16 0.1 1
246.17 0.1 1
250.29 0.1 1
258.1 0.1 1
260.08 0.1 1
262.06 0.1 1
264.06 0.1 1
266.08 0.1 1
270.08 0.1 1
274 0.1 1
275.9 0.1 1
279.85 0.1 1
285.82 0.1 1
289.96 0.1 1
295.76 0.1 1
297.83 0.1 1
299.76 0.1 1
301.74 0.1 1
303.71 0.1 1
305.8 0.1 1
307.8 0.1 1
309.78 0.1 1
325.49 0.1 1
327.49 0.1 1
331.5 0.1 1
333.44 0.1 1
337.51 0.1 1
341.54 0.1 1
349.46 0.1 1
355.31 0.1 1
359.26 0.1 1
361.22 0.1 1
363.2 0.1 1
365.25 0.1 1
371.27 0.1 1
375.22 0.1 1
377.12 0.1 1
385.07 0.1 1
392.99 0.1 1
395.03 0.1 1
401.01 0.1 1
402.93 0.1 1
410.97 0.1 1
412.95 0.1 1
414.97 0.1 1
424.77 0.1 1
426.69 0.1 1
438.58 0.1 1
440.66 0.1 1
442.66 0.1 1
446.68 0.1 1
448.63 0.1 1
458.42 0.1 1
462.52 0.1 1
466.37 0.1 1
468.47 0.1 1
474.44 0.1 1
480.31 0.1 1
482.39 0.1 1
484.21 0.1 1
486.28 0.1 1
492.33 0.1 1
494.26 0.1 1
496.16 0.1 1
500.12 0.1 1
504.22 0.1 1
