4.25 0.1 1
6.19 0.1 1
10.19 0.1 1
12.06 0.1 1
18.01 0.1 1
19.99 0.1 1
22.03 0.1 1
23.99 0.1 1
25.95 0.1 1
33.98 0.1 1
35.95 0.1 1
37.83 0.1 1
41.9 0.1 1
45.79 0.1 1
47.84 0.1 1
49.85 0.1 1
51.84 0.1 1
57.86 0.1 1
67.68 0.1 1
69.76 0.1 1
71.71 0.1 1
73.65 0.1 1
77.55 0.1 1
79.52 0.1 1
81.47 0.1 1
85.43 0.1 1
87.55 0.1 1
89.53 0.1 1
91.37 0.1 1
95.39 0.1 1
107.44 0.1 1
121.26 0.1 1
125.13 0.1 1
127.17 0.1 1
131.07 0.1 1
133.07 0.1 1
135.2 0.1 1
137 0.1 1
139.14 0.1 1
145.07 0.1 1
146.99 0.1 1
150.94 0.1 1
152.89 0.1 1
154.96 0.1 1
162.85 0.1 1
166.96 0.1 1
168.81 0.1 1
170.93 0.1 1
172.75 0.1 1
176.69 0.1 1
182.72 0.1 1
184.77 0.1 1
190.71 0.1 1
194.69 0.1 1
198.51 0.1 1
202.51 0.1 1
208.5 0.1 1
214.45 0.1 1
218.37 0.1 1
224.39 0.1 1
228.35 0.1 1
238.26 0.1 1
244.31 0.1 1
246.16 0.1 1
250.13 0.1 1
258.2 0.1 1
260.12 0.1 1
262.03 0.1 1
264.17 0.1 1
265.99 0.1 1
270.02 0.1 1
273.99 0.1 1
275.97 0.1 1
279.91 0.1 1
285.99 0.1 1
289.91 0.1 1
295.91 0.1 1
297.91 0.1 1
299.78 0.1 1
301.76 0.1 1
303.78 0.1 1
305.68 0.1 1
307.73 0.1 1
309.63 0.1 1
325.66 0.1 1
327.62 0.1 1
331.54 0.1 1
333.48 0.1 1
337.51 0.1 1
341.56 0.1 1
349.32 0.1 1
355.25 0.1 1
359.4 0.1 1
361.27 0.1 1
363.27 0.1 1
365.22 0.1 1
371.12 0.1 1
375.09 0.1 1
377.26 0.1 1
385.05 0.1 1
393.15 0.1 1
395.07 0.1 1
400.9 0.1 1
402.99 0.1 1
411.01 0.1 1
412.97 0.1 1
414.87 0.1 1
424.73 0.1 1
426.81 0.1 1
438.58 0.1 1
440.62 0.1 1
442.62 0.1 1
446.67 0.1 1
448.65 0.1 1
458.42 0.1 1
462.57 0.1 1
466.56 0.1 1
468.39 0.1 1
474.33 0.1 1
480.35 0.1 1
482.23 0.1 1
484.3 0.1 1
486.32 0.1 1
492.34 0.1 1
494.3 0.1 1
496.24 0.1 1
500.12 0.1 1
504.14 0.1 1
