48.69 0.1 1
50.63 0.1 1
54.63 0.1 1
56.47 0.1 1
62.39 0.1 1
64.35 0.1 1
66.43 0.1 1
68.45 0.1 1
70.36 0.1 1
78.22 0.1 1
80.26 0.1 1
82.3 0.1 1
86.1 0.1 1
90.14 0.1 1
92.1 0.1 1
94.04 0.1 1
96.14 0.1 1
102.03 0.1 1
111.87 0.1 1
113.9 0.1 1
115.82 0.1 1
117.77 0.1 1
121.72 0.1 1
123.74 0.1 1
125.69 0.1 1
129.57 0.1 1
131.56 0.1 1
133.53 0.1 1
135.45 0.1 1
139.58 0.1 1
151.28 0.1 1
165.09 0.1 1
169.01 0.1 1
171.09 0.1 1
174.95 0.1 1
177.05 0.1 1
178.94 0.1 1
180.94 0.1 1
182.88 0.1 1
188.87 0.1 1
190.79 0.1 1
194.84 0.1 1
196.7 0.1 1
198.64 0.1 1
206.65 0.1 1
210.46 0.1 1
212.43 0.1 1
214.4 0.1 1
216.4 0.1 1
220.52 0.1 1
226.32 0.1 1
228.34 0.1 1
234.26 0.1 1
238.18 0.1 1
242.14 0.1 1
246.12 0.1 1
252.08 0.1 1
257.89 0.1 1
261.85 0.1 1
267.77 0.1 1
271.82 0.1 1
281.6 0.1 1
287.44 0.1 1
289.54 0.1 1
293.56 0.1 1
301.44 0.1 1
303.32 0.1 1
305.31 0.1 1
307.3 0.1 1
309.31 0.1 1
313.23 0.1 1
317.28 0.1 1
319.16 0.1 1
323.12 0.1 1
329.02 0.1 1
332.96 0.1 1
338.86 0.1 1
340.95 0.1 1
342.95 0.1 1
344.79 0.1 1
346.77 0.1 1
348.85 0.1 1
350.85 0.1 1
352.82 0.1 1
368.62 0.1 1
370.54 0.1 1
374.47 0.1 1
376.37 0.1 1
380.45 0.1 1
384.38 0.1 1
392.29 0.1 1
398.07 0.1 1
402.08 0.1 1
403.97 0.1 1
406.08 0.1 1
408.05 0.1 1
413.88 0.1 1
417.93 0.1 1
419.94 0.1 1
427.82 0.1 1
435.71 0.1 1
437.72 0.1 1
443.62 0.1 1
445.54 0.1 1
453.53 0.1 1
455.39 0.1 1
457.42 0.1 1
467.15 0.1 1
469.16 0.1 1
480.98 0.1 1
482.94 0.1 1
485.02 0.1 1
488.88 0.1 1
490.91 0.1 1
500.81 0.1 1
504.73 0.1 1
508.75 0.1 1
510.66 0.1 1
516.64 0.1 1
522.56 0.1 1
524.43 0.1 1
526.57 0.1 1
528.4 0.1 1
534.4 0.1 1
536.32 0.1 1
538.32 0.1 1
542.25 0.1 1
546.17 0.1 1
