4.23 0.1 1
6.11 0.1 1
10.05 0.1 1
12.02 0.1 1
18.17 0.1 1
19.97 0.1 1
22.04 0.1 1
23.92 0.1 1
26.02 0.1 1
33.94 0.1 1
35.82 0.1 1
38.01 0.1 1
41.84 0.1 1
45.83 0.1 1
47.9 0.1 1
49.73 0.1 1
51.88 0.1 1
57.82 0.1 1
67.74 0.1 1
69.72 0.1 1
71.65 0.1 1
73.52 0.1 1
77.59 0.1 1
79.47 0.1 1
81.44 0.1 1
85.58 0.1 1
87.54 0.1 1
89.41 0.1 1
91.43 0.1 1
95.33 0.1 1
107.37 0.1 1
121.29 0.1 1
125.26 0.1 1
127.22 0.1 1
131.18 0.1 1
133.19 0.1 1
135.03 0.1 1
137.06 0.1 1
139.01 0.1 1
145.05 0.1 1
146.97 0.1 1
151.02 0.1 1
152.95 0.1 1
154.93 0.1 1
162.94 0.1 1
166.85 0.1 1
168.77 0.1 1
170.91 0.1 1
172.79 0.1 1
176.66 0.1 1
182.76 0.1 1
184.78 0.1 1
190.58 0.1 1
194.57 0.1 1
198.53 0.1 1
202.49 0.1 1
208.59 0.1 1
214.36 0.1 1
218.51 0.1 1
224.38 0.1 1
228.34 0.1 1
238.28 0.1 1
244.27 0.1 1
246.12 0.1 1
250.1 0.1 1
258.06 0.1 1
260.06 0.1 1
262.01 0.1 1
263.96 0.1 1
266.09 0.1 1
270.11 0.1 1
273.98 0.1 1
275.94 0.1 1
279.88 0.1 1
285.95 0.1 1
289.85 0.1 1
295.89 0.1 1
297.85 0.1 1
299.75 0.1 1
301.75 0.1 1
303.79 0.1 1
305.66 0.1 1
307.74 0.1 1
309.62 0.1 1
325.56 0.1 1
327.58 0.1 1
331.4 0.1 1
333.38 0.1 1
337.4 0.1 1
341.47 0.1 1
349.37 0.1 1
355.24 0.1 1
359.18 0.1 1
361.29 0.1 1
363.28 0.1 1
365.14 0.1 1
371.15 0.1 1
375.06 0.1 1
377.12 0.1 1
385.17 0.1 1
392.97 0.1 1
394.95 0.1 1
400.97 0.1 1
402.86 0.1 1
410.96 0.1 1
412.78 0.1 1
414.9 0.1 1
424.68 0.1 1
426.83 0.1 1
438.57 0.1 1
440.69 0.1 1
442.52 0.1 1
446.54 0.1 1
448.62 0.1 1
458.5 0.1 1
462.43 0.1 1
466.31 0.1 1
468.5 0.1 1
474.43 0.1 1
480.39 0.1 1
482.3 0.1 1
484.34 0.1 1
486.2 0.1 1
492.17 0.1 1
494.19 0.1 1
496.16 0.1 1
500.04 0.1 1
504.19 0.1 1
