4.09 0.1 1
6.25 0.1 1
10.16 0.1 1
12.22 0.1 1
18.13 0.1 1
20.03 0.1 1
22.04 0.1 1
23.98 0.1 1
26.08 0.1 1
33.97 0.1 1
35.85 0.1 1
37.97 0.1 1
41.85 0.1 1
45.8 0.1 1
47.75 0.1 1
49.74 0.1 1
51.79 0.1 1
57.71 0.1 1
67.68 0.1 1
69.63 0.1 1
71.73 0.1 1
73.56 0.1 1
77.58 0.1 1
79.65 0.1 1
81.55 0.1 1
85.6 0.1 1
87.52 0.1 1
89.5 0.1 1
91.4 0.1 1
95.35 0.1 1
107.39 0.1 1
121.31 0.1 1
125.08 0.1 1
127.18 0.1 1
131.22 0.1 1
133.08 0.1 1
135 0.1 1
137.07 0.1 1
139.04 0.1 1
145.02 0.1 1
147.01 0.1 1
151.04 0.1 1
153.01 0.1 1
154.91 0.1 1
162.84 0.1 1
166.88 0.1 1
168.86 0.1 1
170.71 0.1 1
172.7 0.1 1
176.77 0.1 1
182.59 0.1 1
184.62 0.1 1
190.67 0.1 1
194.47 0.1 1
198.47 0.1 1
202.54 0.1 1
208.46 0.1 1
214.45 0.1 1
218.4 0.1 1
224.23 0.1 1
228.38 0.1 1
238.14 0.1 1
244.12 0.1 1
246.14 0.1 1
250.03 0.1 1
258.05 0.1 1
260.01 0.1 1
262.13 0.1 1
264.03 0.1 1
265.95 0.1 1
269.87 0.1 1
274.02 0.1 1
275.82 0.1 1
279.9 0.1 1
285.76 0.1 1
289.87 0.1 1
295.71 0.1 1
297.71 0.1 1
299.64 0.1 1
301.6 0.1 1
303.66 0.1 1
305.7 0.1 1
307.56 0.1 1
309.53 0.1 1
325.4 0.1 1
327.57 0.1 1
331.52 0.1 1
333.46 0.1 1
337.31 0.1 1
341.44 0.1 1
349.36 0.1 1
355.2 0.1 1
359.2 0.1 1
361.13 0.1 1
363.27 0.1 1
365.15 0.1 1
371.17 0.1 1
375.06 0.1 1
377.06 0.1 1
385.01 0.1 1
392.93 0.1 1
394.91 0.1 1
400.91 0.1 1
402.92 0.1 1
410.9 0.1 1
412.82 0.1 1
414.7 0.1 1
424.72 0.1 1
426.66 0.1 1
438.64 0.1 1
440.63 0.1 1
442.53 0.1 1
446.55 0.1 1
448.41 0.1 1
458.47 0.1 1
462.37 0.1 1
466.44 0.1 1
468.31 0.1 1
474.32 0.1 1
480.28 0.1 1
482.28 0.1 1
484.24 0.1 1
486.26 0.1 1
492.23 0.1 1
494.13 0.1 1
496.15 0.1 1
500.07 0.1 1
503.95 0.1 1
