4.12 0.1 1
6.13 0.1 1
10.12 0.1 1
12.14 0.1 1
18.07 0.1 1
20.11 0.1 1
22.12 0.1 1
24.09 0.1 1
25.98 0.1 1
33.85 0.1 1
36.03 0.1 1
37.9 0.1 1
41.98 0.1 1
45.77 0.1 1
47.78 0.1 1
49.84 0.1 1
51.8 0.1 1
57.84 0.1 1
67.67 0.1 1
69.62 0.1 1
71.61 0.1 1
73.73 0.1 1
77.55 0.1 1
79.56 0.1 1
81.6 0.1 1
85.5 0.1 1
87.55 0.1 1
89.48 0.1 1
91.43 0.1 1
95.4 0.1 1
107.44 0.1 1
121.19 0.1 1
125.15 0.1 1
127.1 0.1 1
131.13 0.1 1
133.03 0.1 1
135.12 0.1 1
137.03 0.1 1
138.98 0.1 1
145.09 0.1 1
146.92 0.1 1
151.09 0.1 1
153.07 0.1 1
155.02 0.1 1
162.96 0.1 1
166.79 0.1 1
168.73 0.1 1
170.9 0.1 1
172.71 0.1 1
176.73 0.1 1
182.72 0.1 1
184.6 0.1 1
190.64 0.1 1
194.64 0.1 1
198.49 0.1 1
202.57 0.1 1
208.49 0.1 1
214.38 0.1 1
218.38 0.1 1
224.41 0.1 1
228.32 0.1 1
238.25 0.1 1
244.17 0.1 1
246.24 0.1 1
250.14 0.1 1
258.18 0.1 1
260.14 0.1 1
262.01 0.1 1
264.06 0.1 1
266.06 0.1 1
270.01 0.1 1
273.95 0.1 1
276.05 0.1 1
279.97 0.1 1
285.94 0.1 1
289.81 0.1 1
295.86 0.1 1
297.86 0.1 1
299.79 0.1 1
301.64 0.1 1
303.66 0.1 1
305.68 0.1 1
307.63 0.1 1
309.73 0.1 1
325.49 0.1 1
327.44 0.1 1
331.4 0.1 1
333.42 0.1 1
337.37 0.1 1
341.36 0.1 1
349.31 0.1 1
355.28 0.1 1
359.15 0.1 1
361.21 0.1 1
363.17 0.1 1
365.15 0.1 1
371.22 0.1 1
375.1 0.1 1
377.1 0.1 1
385.14 0.1 1
393.01 0.1 1
394.94 0.1 1
400.95 0.1 1
403 0.1 1
410.88 0.1 1
412.85 0.1 1
414.74 0.1 1
424.74 0.1 1
426.61 0.1 1
438.58 0.1 1
440.66 0.1 1
442.6 0.1 1
446.55 0.1 1
448.45 0.1 1
458.37 0.1 1
462.47 0.1 1
466.4 0.1 1
468.34 0.1 1
474.22 0.1 1
480.34 0.1 1
482.23 0.1 1
484.19 0.1 1
486.23 0.1 1
492.08 0.1 1
494.21 0.1 1
496.21 0.1 1
500.07 0.1 1
504.15 0.1 1
