4.12 0.1 1
6.11 0.1 1
10.08 0.1 1
12.1 0.1 1
18.06 0.1 1
20.16 0.1 1
21.98 0.1 1
23.98 0.1 1
26 0.1 1
34.02 0.1 1
35.89 0.1 1
37.92 0.1 1
41.91 0.1 1
45.79 0.1 1
47.79 0.1 1
49.81 0.1 1
51.88 0.1 1
57.8 0.1 1
67.72 0.1 1
69.62 0.1 1
71.75 0.1 1
73.67 0.1 1
77.55 0.1 1
79.59 0.1 1
81.52 0.1 1
85.61 0.1 1
87.52 0.1 1
89.54 0.1 1
91.49 0.1 1
95.49 0.1 1
107.43 0.1 1
121.33 0.1 1
125.3 0.1 1
127.12 0.1 1
131.16 0.1 1
133.12 0.1 1
135.07 0.1 1
137.14 0.1 1
139.11 0.1 1
145.09 0.1 1
147.06 0.1 1
151.01 0.1 1
153.01 0.1 1
155 0.1 1
162.95 0.1 1
166.84 0.1 1
168.84 0.1 1
170.8 0.1 1
172.82 0.1 1
176.85 0.1 1
182.81 0.1 1
184.74 0.1 1
190.63 0.1 1
194.75 0.1 1
198.71 0.1 1
202.66 0.1 1
208.62 0.1 1
214.55 0.1 1
218.45 0.1 1
224.42 0.1 1
228.44 0.1 1
238.29 0.1 1
244.3 0.1 1
246.28 0.1 1
250.28 0.1 1
258.19 0.1 1
260.1 0.1 1
262.09 0.1 1
264.2 0.1 1
266 0.1 1
270.09 0.1 1
274.09 0.1 1
276.04 0.1 1
279.99 0.1 1
285.91 0.1 1
289.96 0.1 1
295.83 0.1 1
297.75 0.1 1
299.78 0.1 1
301.8 0.1 1
303.84 0.1 1
305.75 0.1 1
307.72 0.1 1
309.69 0.1 1
325.64 0.1 1
327.69 0.1 1
331.53 0.1 1
333.55 0.1 1
337.5 0.1 1
341.4 0.1 1
349.39 0.1 1
355.3 0.1 1
359.36 0.1 1
361.32 0.1 1
363.24 0.1 1
365.23 0.1 1
371.28 0.1 1
375.23 0.1 1
377.3 0.1 1
385.2 0.1 1
393.1 0.1 1
395.12 0.1 1
401.02 0.1 1
402.89 0.1 1
410.89 0.1 1
412.96 0.1 1
414.83 0.1 1
424.91 0.1 1
426.75 0.1 1
438.6 0.1 1
440.64 0.1 1
442.75 0.1 1
446.56 0.1 1
448.67 0.1 1
458.54 0.1 1
462.53 0.1 1
466.43 0.1 1
468.41 0.1 1
474.48 0.1 1
480.43 0.1 1
482.38 0.1 1
484.4 0.1 1
486.37 0.1 1
492.37 0.1 1
494.16 0.1 1
496.29 0.1 1
500.17 0.1 1
504.08 0.1 1
