4.26 0.1 1
6.18 0.1 1
10.03 0.1 1
12.06 0.1 1
18.15 0.1 1
20.03 0.1 1
21.97 0.1 1
24.03 0.1 1
26.05 0.1 1
33.9 0.1 1
35.97 0.1 1
37.84 0.1 1
41.82 0.1 1
45.89 0.1 1
47.93 0.1 1
49.84 0.1 1
51.89 0.1 1
57.85 0.1 1
67.58 0.1 1
69.62 0.1 1
71.65 0.1 1
73.62 0.1 1
77.49 0.1 1
79.55 0.1 1
81.49 0.1 1
85.62 0.1 1
87.54 0.1 1
89.42 0.1 1
91.41 0.1 1
95.39 0.1 1
107.35 0.1 1
121.22 0.1 1
125.24 0.1 1
127.24 0.1 1
131.26 0.1 1
133.21 0.1 1
135.09 0.1 1
137.14 0.1 1
139.09 0.1 1
145.03 0.1 1
147 0.1 1
151 0.1 1
153.01 0.1 1
155.03 0.1 1
162.97 0.1 1
166.8 0.1 1
168.84 0.1 1
170.85 0.1 1
172.77 0.1 1
176.74 0.1 1
182.76 0.1 1
184.71 0.1 1
190.61 0.1 1
194.54 0.1 1
198.65 0.1 1
202.58 0.1 1
208.43 0.1 1
214.57 0.1 1
218.5 0.1 1
224.46 0.1 1
228.32 0.1 1
238.19 0.1 1
244.23 0.1 1
246.26 0.1 1
250.25 0.1 1
258.1 0.1 1
260.04 0.1 1
262.07 0.1 1
264.02 0.1 1
266.07 0.1 1
269.89 0.1 1
273.89 0.1 1
275.91 0.1 1
279.89 0.1 1
285.91 0.1 1
289.88 0.1 1
295.88 0.1 1
297.75 0.1 1
299.7 0.1 1
301.7 0.1 1
303.63 0.1 1
305.75 0.1 1
307.67 0.1 1
309.74 0.1 1
325.49 0.1 1
327.48 0.1 1
331.56 0.1 1
333.51 0.1 1
337.43 0.1 1
341.33 0.1 1
349.38 0.1 1
355.37 0.1 1
359.24 0.1 1
361.27 0.1 1
363.22 0.1 1
365.29 0.1 1
371.27 0.1 1
375.23 0.1 1
377.18 0.1 1
385.03 0.1 1
393.02 0.1 1
395.07 0.1 1
401.04 0.1 1
402.82 0.1 1
410.76 0.1 1
412.92 0.1 1
414.77 0.1 1
424.68 0.1 1
426.68 0.1 1
438.65 0.1 1
440.53 0.1 1
442.67 0.1 1
446.54 0.1 1
448.65 0.1 1
458.46 0.1 1
462.36 0.1 1
466.48 0.1 1
468.46 0.1 1
474.28 0.1 1
480.31 0.1 1
482.18 0.1 1
484.37 0.1 1
486.27 0.1 1
492.15 0.1 1
494.2 0.1 1
496.12 0.1 1
500.19 0.1 1
504.12 0.1 1
