4.27 0.1 1
6.13 0.1 1
10.23 0.1 1
12.15 0.1 1
18.1 0.1 1
20.16 0.1 1
22.02 0.1 1
23.97 0.1 1
25.99 0.1 1
33.89 0.1 1
35.96 0.1 1
37.88 0.1 1
41.88 0.1 1
45.78 0.1 1
47.83 0.1 1
49.9 0.1 1
51.85 0.1 1
57.78 0.1 1
67.61 0.1 1
69.54 0.1 1
71.52 0.1 1
73.69 0.1 1
77.58 0.1 1
79.56 0.1 1
81.53 0.1 1
85.48 0.1 1
87.55 0.1 1
89.58 0.1 1
91.43 0.1 1
95.36 0.1 1
107.35 0.1 1
121.16 0.1 1
125.06 0.1 1
127.19 0.1 1
131.21 0.1 1
133.06 0.1 1
134.98 0.1 1
136.98 0.1 1
139.15 0.1 1
145.08 0.1 1
147.07 0.1 1
150.85 0.1 1
152.84 0.1 1
154.97 0.1 1
162.77 0.1 1
166.79 0.1 1
168.69 0.1 1
170.71 0.1 1
172.66 0.1 1
176.63 0.1 1
182.73 0.1 1
184.58 0.1 1
190.63 0.1 1
194.52 0.1 1
198.57 0.1 1
202.55 0.1 1
208.54 0.1 1
214.39 0.1 1
218.29 0.1 1
224.29 0.1 1
228.33 0.1 1
238.23 0.1 1
244.19 0.1 1
246.09 0.1 1
250.02 0.1 1
258.01 0.1 1
260.06 0.1 1
262.04 0.1 1
264.06 0.1 1
265.99 0.1 1
269.96 0.1 1
273.98 0.1 1
275.83 0.1 1
279.81 0.1 1
285.8 0.1 1
289.7 0.1 1
295.79 0.1 1
297.77 0.1 1
299.59 0.1 1
301.57 0.1 1
303.72 0.1 1
305.71 0.1 1
307.61 0.1 1
309.71 0.1 1
325.53 0.1 1
327.57 0.1 1
331.42 0.1 1
333.35 0.1 1
337.45 0.1 1
341.29 0.1 1
349.37 0.1 1
355.34 0.1 1
359.29 0.1 1
361.09 0.1 1
363.26 0.1 1
365.08 0.1 1
371.03 0.1 1
375.13 0.1 1
377.15 0.1 1
385.07 0.1 1
392.91 0.1 1
394.92 0.1 1
400.91 0.1 1
402.76 0.1 1
410.9 0.1 1
412.76 0.1 1
414.73 0.1 1
424.65 0.1 1
426.58 0.1 1
438.49 0.1 1
440.52 0.1 1
442.59 0.1 1
446.56 0.1 1
448.44 0.1 1
458.38 0.1 1
462.31 0.1 1
466.4 0.1 1
468.25 0.1 1
474.37 0.1 1
480.12 0.1 1
482.15 0.1 1
484.19 0.1 1
486.21 0.1 1
492.09 0.1 1
494.18 0.1 1
496.13 0.1 1
500.04 0.1 1
504.1 0.1 1
