4.29 0.1 1
6.24 0.1 1
10.06 0.1 1
12.03 0.1 1
17.98 0.1 1
20.01 0.1 1
22.08 0.1 1
24.05 0.1 1
25.98 0.1 1
33.92 0.1 1
35.97 0.1 1
37.95 0.1 1
41.87 0.1 1
45.82 0.1 1
47.84 0.1 1
49.76 0.1 1
51.72 0.1 1
57.76 0.1 1
67.71 0.1 1
69.65 0.1 1
71.6 0.1 1
73.56 0.1 1
77.6 0.1 1
79.58 0.1 1
81.5 0.1 1
85.5 0.1 1
87.52 0.1 1
89.4 0.1 1
91.4 0.1 1
95.44 0.1 1
107.26 0.1 1
121.31 0.1 1
125.25 0.1 1
127.23 0.1 1
131.1 0.1 1
133.19 0.1 1
135.09 0.1 1
137.2 0.1 1
139.06 0.1 1
145.06 0.1 1
147.09 0.1 1
151.03 0.1 1
152.98 0.1 1
154.91 0.1 1
162.8 0.1 1
166.93 0.1 1
168.85 0.1 1
170.88 0.1 1
172.83 0.1 1
176.87 0.1 1
182.79 0.1 1
184.64 0.1 1
190.71 0.1 1
194.62 0.1 1
198.54 0.1 1
202.48 0.1 1
208.5 0.1 1
214.58 0.1 1
218.55 0.1 1
224.32 0.1 1
228.34 0.1 1
238.37 0.1 1
244.18 0.1 1
246.14 0.1 1
250.21 0.1 1
258.1 0.1 1
260.12 0.1 1
262.1 0.1 1
264 0.1 1
266.13 0.1 1
269.97 0.1 1
274.02 0.1 1
275.87 0.1 1
279.86 0.1 1
285.86 0.1 1
289.89 0.1 1
295.71 0.1 1
297.68 0.1 1
299.85 0.1 1
301.81 0.1 1
303.76 0.1 1
305.8 0.1 1
307.6 0.1 1
309.58 0.1 1
325.52 0.1 1
327.61 0.1 1
331.44 0.1 1
333.52 0.1 1
337.39 0.1 1
341.34 0.1 1
349.38 0.1 1
355.22 0.1 1
359.17 0.1 1
361.18 0.1 1
363.15 0.1 1
365.14 0.1 1
371.19 0.1 1
375.09 0.1 1
377.09 0.1 1
385.16 0.1 1
393 0.1 1
394.93 0.1 1
400.95 0.1 1
403 0.1 1
410.84 0.1 1
412.77 0.1 1
414.85 0.1 1
424.67 0.1 1
426.76 0.1 1
438.56 0.1 1
440.63 0.1 1
442.61 0.1 1
446.46 0.1 1
448.6 0.1 1
458.44 0.1 1
462.49 0.1 1
466.51 0.1 1
468.46 0.1 1
474.41 0.1 1
480.19 0.1 1
482.23 0.1 1
484.16 0.1 1
486.23 0.1 1
492.25 0.1 1
494.15 0.1 1
496.15 0.1 1
500.08 0.1 1
504.17 0.1 1
