4.18 0.1 1
6.08 0.1 1
10.23 0.1 1
12.11 0.1 1
18.05 0.1 1
20.13 0.1 1
22.03 0.1 1
24.07 0.1 1
26 0.1 1
33.85 0.1 1
35.87 0.1 1
37.99 0.1 1
41.84 0.1 1
45.88 0.1 1
47.84 0.1 1
49.76 0.1 1
51.76 0.1 1
57.68 0.1 1
67.67 0.1 1
69.62 0.1 1
71.6 0.1 1
73.67 0.1 1
77.65 0.1 1
79.56 0.1 1
81.52 0.1 1
85.54 0.1 1
87.57 0.1 1
89.56 0.1 1
91.43 0.1 1
95.36 0.1 1
107.38 0.1 1
121.19 0.1 1
125.27 0.1 1
127.11 0.1 1
131.07 0.1 1
133.21 0.1 1
135.09 0.1 1
137.11 0.1 1
139.18 0.1 1
145.11 0.1 1
146.93 0.1 1
150.98 0.1 1
152.91 0.1 1
154.95 0.1 1
162.99 0.1 1
166.84 0.1 1
168.82 0.1 1
170.82 0.1 1
172.81 0.1 1
176.81 0.1 1
182.68 0.1 1
184.79 0.1 1
190.73 0.1 1
194.63 0.1 1
198.62 0.1 1
202.57 0.1 1
208.44 0.1 1
214.45 0.1 1
218.35 0.1 1
224.36 0.1 1
228.29 0.1 1
238.36 0.1 1
244.26 0.1 1
246.18 0.1 1
250.13 0.1 1
258.22 0.1 1
260 0.1 1
262.17 0.1 1
264.06 0.1 1
266.14 0.1 1
270.06 0.1 1
273.89 0.1 1
276.06 0.1 1
279.93 0.1 1
285.85 0.1 1
289.93 0.1 1
295.77 0.1 1
297.87 0.1 1
299.87 0.1 1
301.77 0.1 1
303.79 0.1 1
305.67 0.1 1
307.65 0.1 1
309.69 0.1 1
325.49 0.1 1
327.5 0.1 1
331.53 0.1 1
333.61 0.1 1
337.48 0.1 1
341.35 0.1 1
349.37 0.1 1
355.39 0.1 1
359.21 0.1 1
361.39 0.1 1
363.36 0.1 1
365.16 0.1 1
371.11 0.1 1
375.2 0.1 1
377.2 0.1 1
385.02 0.1 1
393 0.1 1
395.07 0.1 1
400.87 0.1 1
402.96 0.1 1
410.79 0.1 1
412.86 0.1 1
414.94 0.1 1
424.76 0.1 1
426.78 0.1 1
438.6 0.1 1
440.74 0.1 1
442.62 0.1 1
446.54 0.1 1
448.62 0.1 1
458.49 0.1 1
462.36 0.1 1
466.45 0.1 1
468.33 0.1 1
474.38 0.1 1
480.23 0.1 1
482.37 0.1 1
484.24 0.1 1
486.19 0.1 1
492.31 0.1 1
494.12 0.1 1
496.21 0.1 1
500.06 0.1 1
504.21 0.1 1
