4.08 0.1 1
6.07 0.1 1
10.19 0.1 1
12.04 0.1 1
18.06 0.1 1
20.12 0.1 1
22.01 0.1 1
24.11 0.1 1
25.94 0.1 1
34 0.1 1
35.98 0.1 1
38 0.1 1
41.8 0.1 1
45.87 0.1 1
47.92 0.1 1
49.85 0.1 1
51.7 0.1 1
57.67 0.1 1
67.72 0.1 1
69.76 0.1 1
71.61 0.1 1
73.54 0.1 1
77.53 0.1 1
79.68 0.1 1
81.58 0.1 1
85.58 0.1 1
87.55 0.1 1
89.5 0.1 1
91.42 0.1 1
95.42 0.1 1
107.37 0.1 1
121.25 0.1 1
125.26 0.1 1
127.2 0.1 1
131.13 0.1 1
133.22 0.1 1
135.15 0.1 1
137.18 0.1 1
139.18 0.1 1
145.12 0.1 1
147.09 0.1 1
151.06 0.1 1
152.89 0.1 1
155.06 0.1 1
162.94 0.1 1
166.94 0.1 1
168.91 0.1 1
170.81 0.1 1
172.88 0.1 1
176.73 0.1 1
182.73 0.1 1
184.67 0.1 1
190.72 0.1 1
194.62 0.1 1
198.54 0.1 1
202.64 0.1 1
208.41 0.1 1
214.54 0.1 1
218.4 0.1 1
224.4 0.1 1
228.27 0.1 1
238.29 0.1 1
244.24 0.1 1
246.26 0.1 1
250.12 0.1 1
258.06 0.1 1
260.08 0.1 1
262.13 0.1 1
263.98 0.1 1
265.96 0.1 1
270.05 0.1 1
273.98 0.1 1
276.03 0.1 1
279.95 0.1 1
285.8 0.1 1
289.87 0.1 1
295.79 0.1 1
297.77 0.1 1
299.64 0.1 1
301.71 0.1 1
303.64 0.1 1
305.78 0.1 1
307.7 0.1 1
309.63 0.1 1
325.62 0.1 1
327.49 0.1 1
331.52 0.1 1
333.56 0.1 1
337.36 0.1 1
341.36 0.1 1
349.41 0.1 1
355.26 0.1 1
359.26 0.1 1
361.17 0.1 1
363.28 0.1 1
365.12 0.1 1
371.07 0.1 1
375.12 0.1 1
377.04 0.1 1
385.09 0.1 1
392.88 0.1 1
394.86 0.1 1
400.93 0.1 1
402.8 0.1 1
410.77 0.1 1
412.78 0.1 1
414.74 0.1 1
424.74 0.1 1
426.79 0.1 1
438.54 0.1 1
440.66 0.1 1
442.55 0.1 1
446.53 0.1 1
448.43 0.1 1
458.42 0.1 1
462.35 0.1 1
466.45 0.1 1
468.42 0.1 1
474.31 0.1 1
480.26 0.1 1
482.28 0.1 1
484.14 0.1 1
486.16 0.1 1
492.11 0.1 1
494.06 0.1 1
496.13 0.1 1
500.05 0.1 1
504.08 0.1 1
