4.14 0.1 1
6.11 0.1 1
10.05 0.1 1
12.01 0.1 1
18.07 0.1 1
20.07 0.1 1
22.05 0.1 1
24.02 0.1 1
25.94 0.1 1
33.99 0.1 1
35.86 0.1 1
37.99 0.1 1
41.83 0.1 1
45.78 0.1 1
47.88 0.1 1
49.71 0.1 1
51.84 0.1 1
57.75 0.1 1
67.57 0.1 1
69.69 0.1 1
71.69 0.1 1
73.64 0.1 1
77.52 0.1 1
79.67 0.1 1
81.52 0.1 1
85.44 0.1 1
87.54 0.1 1
89.44 0.1 1
91.53 0.1 1
95.34 0.1 1
107.4 0.1 1
121.25 0.1 1
125.19 0.1 1
127.26 0.1 1
131.17 0.1 1
133.12 0.1 1
135.18 0.1 1
137.16 0.1 1
139.06 0.1 1
145.06 0.1 1
146.95 0.1 1
150.91 0.1 1
153.06 0.1 1
154.95 0.1 1
162.9 0.1 1
166.8 0.1 1
168.92 0.1 1
170.89 0.1 1
172.79 0.1 1
176.81 0.1 1
182.79 0.1 1
184.63 0.1 1
190.75 0.1 1
194.55 0.1 1
198.5 0.1 1
202.47 0.1 1
208.6 0.1 1
214.54 0.1 1
218.47 0.1 1
224.44 0.1 1
228.36 0.1 1
238.2 0.1 1
244.1 0.1 1
246.15 0.1 1
250.07 0.1 1
258.15 0.1 1
260.02 0.1 1
262.02 0.1 1
263.97 0.1 1
265.99 0.1 1
269.97 0.1 1
273.89 0.1 1
276.01 0.1 1
279.88 0.1 1
285.86 0.1 1
289.75 0.1 1
295.78 0.1 1
297.82 0.1 1
299.75 0.1 1
301.7 0.1 1
303.75 0.1 1
305.69 0.1 1
307.74 0.1 1
309.69 0.1 1
325.43 0.1 1
327.41 0.1 1
331.56 0.1 1
333.36 0.1 1
337.52 0.1 1
341.47 0.1 1
349.35 0.1 1
355.31 0.1 1
359.19 0.1 1
361.27 0.1 1
363.14 0.1 1
365.11 0.1 1
371.11 0.1 1
375.1 0.1 1
377.06 0.1 1
385.02 0.1 1
392.95 0.1 1
394.94 0.1 1
400.95 0.1 1
402.91 0.1 1
410.81 0.1 1
412.86 0.1 1
414.88 0.1 1
424.83 0.1 1
426.71 0.1 1
438.7 0.1 1
440.57 0.1 1
442.6 0.1 1
446.5 0.1 1
448.49 0.1 1
458.41 0.1 1
462.53 0.1 1
466.3 0.1 1
468.36 0.1 1
474.43 0.1 1
480.27 0.1 1
482.17 0.1 1
484.35 0.1 1
486.29 0.1 1
492.22 0.1 1
494.26 0.1 1
496.09 0.1 1
500.21 0.1 1
504.18 0.1 1
