4.16 0.1 1
6.18 0.1 1
10.2 0.1 1
12.03 0.1 1
18.15 0.1 1
20.15 0.1 1
22.02 0.1 1
24.03 0.1 1
26 0.1 1
33.87 0.1 1
35.85 0.1 1
38.02 0.1 1
41.79 0.1 1
45.94 0.1 1
47.74 0.1 1
49.74 0.1 1
51.86 0.1 1
57.85 0.1 1
67.7 0.1 1
69.62 0.1 1
71.73 0.1 1
73.62 0.1 1
77.54 0.1 1
79.66 0.1 1
81.57 0.1 1
85.47 0.1 1
87.46 0.1 1
89.59 0.1 1
91.59 0.1 1
95.39 0.1 1
107.4 0.1 1
121.22 0.1 1
125.27 0.1 1
127.29 0.1 1
131.27 0.1 1
133.22 0.1 1
135.21 0.1 1
137.21 0.1 1
139.14 0.1 1
145 0.1 1
147.13 0.1 1
150.93 0.1 1
153 0.1 1
155.05 0.1 1
162.84 0.1 1
166.82 0.1 1
168.75 0.1 1
170.77 0.1 1
172.72 0.1 1
176.84 0.1 1
182.76 0.1 1
184.76 0.1 1
190.63 0.1 1
194.56 0.1 1
198.58 0.1 1
202.47 0.1 1
208.47 0.1 1
214.37 0.1 1
218.47 0.1 1
224.36 0.1 1
228.43 0.1 1
238.18 0.1 1
244.1 0.1 1
246.12 0.1 1
250.09 0.1 1
258 0.1 1
260.11 0.1 1
262.16 0.1 1
264.12 0.1 1
266.04 0.1 1
270.03 0.1 1
274.01 0.1 1
275.89 0.1 1
279.81 0.1 1
285.8 0.1 1
289.87 0.1 1
295.77 0.1 1
297.79 0.1 1
299.7 0.1 1
301.65 0.1 1
303.79 0.1 1
305.76 0.1 1
307.67 0.1 1
309.73 0.1 1
325.48 0.1 1
327.45 0.1 1
331.52 0.1 1
333.55 0.1 1
337.45 0.1 1
341.4 0.1 1
349.26 0.1 1
355.38 0.1 1
359.24 0.1 1
361.16 0.1 1
363.16 0.1 1
365.26 0.1 1
371.18 0.1 1
375.2 0.1 1
377.15 0.1 1
385.07 0.1 1
392.92 0.1 1
395.01 0.1 1
400.84 0.1 1
402.91 0.1 1
410.78 0.1 1
412.8 0.1 1
414.75 0.1 1
424.82 0.1 1
426.77 0.1 1
438.61 0.1 1
440.61 0.1 1
442.52 0.1 1
446.46 0.1 1
448.43 0.1 1
458.48 0.1 1
462.47 0.1 1
466.3 0.1 1
468.38 0.1 1
474.35 0.1 1
480.27 0.1 1
482.36 0.1 1
484.26 0.1 1
486.24 0.1 1
492.18 0.1 1
494.16 0.1 1
496.11 0.1 1
500.08 0.1 1
504.08 0.1 1
