4.28 0.1 1
6.26 0.1 1
10.05 0.1 1
12.03 0.1 1
18.02 0.1 1
20.12 0.1 1
21.95 0.1 1
23.99 0.1 1
26.07 0.1 1
33.92 0.1 1
35.88 0.1 1
37.91 0.1 1
41.84 0.1 1
45.91 0.1 1
47.76 0.1 1
49.81 0.1 1
51.86 0.1 1
57.65 0.1 1
67.77 0.1 1
69.67 0.1 1
71.62 0.1 1
73.61 0.1 1
77.57 0.1 1
79.49 0.1 1
81.56 0.1 1
85.49 0.1 1
87.49 0.1 1
89.46 0.1 1
91.51 0.1 1
95.41 0.1 1
107.27 0.1 1
121.22 0.1 1
125.27 0.1 1
127.12 0.1 1
131.24 0.1 1
133.03 0.1 1
135.08 0.1 1
137 0.1 1
139 0.1 1
144.96 0.1 1
147.1 0.1 1
150.93 0.1 1
152.97 0.1 1
155.02 0.1 1
162.79 0.1 1
166.84 0.1 1
168.89 0.1 1
170.82 0.1 1
172.79 0.1 1
176.68 0.1 1
182.73 0.1 1
184.65 0.1 1
190.73 0.1 1
194.7 0.1 1
198.5 0.1 1
202.62 0.1 1
208.54 0.1 1
214.39 0.1 1
218.37 0.1 1
224.34 0.1 1
228.28 0.1 1
238.31 0.1 1
244.2 0.1 1
246.1 0.1 1
250.17 0.1 1
258.04 0.1 1
259.99 0.1 1
262.14 0.1 1
264.12 0.1 1
266.01 0.1 1
270.08 0.1 1
273.98 0.1 1
275.94 0.1 1
279.86 0.1 1
285.92 0.1 1
289.83 0.1 1
295.7 0.1 1
297.72 0.1 1
299.87 0.1 1
301.7 0.1 1
303.65 0.1 1
305.7 0.1 1
307.72 0.1 1
309.62 0.1 1
325.48 0.1 1
327.51 0.1 1
331.5 0.1 1
333.42 0.1 1
337.38 0.1 1
341.4 0.1 1
349.37 0.1 1
355.27 0.1 1
359.29 0.1 1
361.16 0.1 1
363.18 0.1 1
365.24 0.1 1
371.06 0.1 1
375.08 0.1 1
377.21 0.1 1
384.95 0.1 1
392.97 0.1 1
394.89 0.1 1
400.99 0.1 1
403.01 0.1 1
410.88 0.1 1
412.89 0.1 1
414.86 0.1 1
424.75 0.1 1
426.67 0.1 1
438.67 0.1 1
440.64 0.1 1
442.49 0.1 1
446.57 0.1 1
448.64 0.1 1
458.39 0.1 1
462.41 0.1 1
466.5 0.1 1
468.43 0.1 1
474.38 0.1 1
480.24 0.1 1
482.3 0.1 1
484.34 0.1 1
486.2 0.1 1
492.11 0.1 1
494.27 0.1 1
496.11 0.1 1
500.18 0.1 1
504.03 0.1 1
