4.23 0.1 1
6.16 0.1 1
10.05 0.1 1
12.02 0.1 1
17.98 0.1 1
20.05 0.1 1
22.14 0.1 1
23.97 0.1 1
25.9 0.1 1
33.86 0.1 1
36.01 0.1 1
37.91 0.1 1
41.81 0.1 1
45.84 0.1 1
47.93 0.1 1
49.85 0.1 1
51.8 0.1 1
57.75 0.1 1
67.7 0.1 1
69.72 0.1 1
71.67 0.1 1
73.54 0.1 1
77.67 0.1 1
79.51 0.1 1
81.62 0.1 1
85.61 0.1 1
87.61 0.1 1
89.53 0.1 1
91.54 0.1 1
95.46 0.1 1
107.45 0.1 1
121.17 0.1 1
125.22 0.1 1
127.26 0.1 1
131.24 0.1 1
133.21 0.1 1
135.09 0.1 1
137.21 0.1 1
139 0.1 1
145 0.1 1
147.01 0.1 1
151 0.1 1
152.98 0.1 1
155.03 0.1 1
162.89 0.1 1
166.89 0.1 1
168.96 0.1 1
170.91 0.1 1
172.87 0.1 1
176.71 0.1 1
182.83 0.1 1
184.71 0.1 1
190.7 0.1 1
194.56 0.1 1
198.63 0.1 1
202.5 0.1 1
208.52 0.1 1
214.56 0.1 1
218.36 0.1 1
224.33 0.1 1
228.31 0.1 1
238.35 0.1 1
244.13 0.1 1
246.1 0.1 1
250.27 0.1 1
258.02 0.1 1
260.17 0.1 1
261.99 0.1 1
264.14 0.1 1
265.96 0.1 1
270.06 0.1 1
273.88 0.1 1
275.89 0.1 1
279.96 0.1 1
285.88 0.1 1
289.77 0.1 1
295.85 0.1 1
297.84 0.1 1
299.82 0.1 1
301.7 0.1 1
303.77 0.1 1
305.64 0.1 1
307.79 0.1 1
309.61 0.1 1
325.51 0.1 1
327.61 0.1 1
331.56 0.1 1
333.47 0.1 1
337.37 0.1 1
341.38 0.1 1
349.25 0.1 1
355.29 0.1 1
359.32 0.1 1
361.34 0.1 1
363.19 0.1 1
365.23 0.1 1
371.21 0.1 1
375.05 0.1 1
377.23 0.1 1
385.04 0.1 1
393.02 0.1 1
395 0.1 1
400.92 0.1 1
402.89 0.1 1
410.91 0.1 1
412.78 0.1 1
414.81 0.1 1
424.72 0.1 1
426.8 0.1 1
438.54 0.1 1
440.56 0.1 1
442.54 0.1 1
446.54 0.1 1
448.57 0.1 1
458.48 0.1 1
462.46 0.1 1
466.33 0.1 1
468.35 0.1 1
474.27 0.1 1
480.22 0.1 1
482.24 0.1 1
484.24 0.1 1
486.2 0.1 1
492.27 0.1 1
494.11 0.1 1
496.27 0.1 1
500.13 0.1 1
504.11 0.1 1
