4.2 0.1 1
6.16 0.1 1
10.19 0.1 1
12.14 0.1 1
18.04 0.1 1
20.05 0.1 1
21.99 0.1 1
23.94 0.1 1
25.84 0.1 1
33.7 0.1 1
35.87 0.1 1
37.8 0.1 1
41.74 0.1 1
45.68 0.1 1
47.66 0.1 1
49.63 0.1 1
51.52 0.1 1
57.49 0.1 1
67.32 0.1 1
69.3 0.1 1
71.39 0.1 1
73.22 0.1 1
77.36 0.1 1
79.18 0.1 1
81.23 0.1 1
85.07 0.1 1
87.17 0.1 1
88.99 0.1 1
91.14 0.1 1
94.95 0.1 1
106.97 0.1 1
120.77 0.1 1
124.81 0.1 1
126.68 0.1 1
130.7 0.1 1
132.63 0.1 1
134.54 0.1 1
136.49 0.1 1
138.47 0.1 1
144.38 0.1 1
146.48 0.1 1
150.37 0.1 1
152.39 0.1 1
154.31 0.1 1
162.25 0.1 1
166.19 0.1 1
168.12 0.1 1
170.09 0.1 1
172.17 0.1 1
176.08 0.1 1
181.95 0.1 1
184 0.1 1
189.84 0.1 1
193.86 0.1 1
197.88 0.1 1
201.75 0.1 1
207.76 0.1 1
213.77 0.1 1
217.69 0.1 1
223.64 0.1 1
227.45 0.1 1
237.37 0.1 1
243.3 0.1 1
245.37 0.1 1
249.35 0.1 1
257.18 0.1 1
259.21 0.1 1
261.15 0.1 1
263.02 0.1 1
265.13 0.1 1
268.94 0.1 1
272.98 0.1 1
274.93 0.1 1
278.93 0.1 1
284.84 0.1 1
288.82 0.1 1
294.78 0.1 1
296.7 0.1 1
298.79 0.1 1
300.67 0.1 1
302.67 0.1 1
304.62 0.1 1
306.51 0.1 1
308.46 0.1 1
324.46 0.1 1
326.3 0.1 1
330.3 0.1 1
332.3 0.1 1
336.26 0.1 1
340.13 0.1 1
348.02 0.1 1
354.09 0.1 1
358.06 0.1 1
359.93 0.1 1
361.98 0.1 1
363.88 0.1 1
369.89 0.1 1
373.8 0.1 1
375.8 0.1 1
383.64 0.1 1
391.65 0.1 1
393.53 0.1 1
399.55 0.1 1
401.49 0.1 1
409.4 0.1 1
411.33 0.1 1
413.37 0.1 1
423.25 0.1 1
425.18 0.1 1
437.09 0.1 1
439.11 0.1 1
440.98 0.1 1
445.08 0.1 1
446.97 0.1 1
456.91 0.1 1
460.87 0.1 1
464.87 0.1 1
466.74 0.1 1
472.83 0.1 1
478.6 0.1 1
480.74 0.1 1
482.67 0.1 1
484.62 0.1 1
490.45 0.1 1
492.48 0.1 1
494.43 0.1 1
498.44 0.1 1
502.27 0.1 1
