4.19 0.1 1
6.07 0.1 1
10.06 0.1 1
12.11 0.1 1
17.98 0.1 1
20.11 0.1 1
22.13 0.1 1
24.06 0.1 1
26.11 0.1 1
34.02 0.1 1
35.97 0.1 1
37.99 0.1 1
41.94 0.1 1
45.76 0.1 1
47.81 0.1 1
49.84 0.1 1
51.76 0.1 1
57.69 0.1 1
67.71 0.1 1
69.63 0.1 1
71.7 0.1 1
73.73 0.1 1
77.6 0.1 1
79.48 0.1 1
81.58 0.1 1
85.54 0.1 1
87.49 0.1 1
89.41 0.1 1
91.42 0.1 1
95.41 0.1 1
107.31 0.1 1
121.33 0.1 1
125.3 0.1 1
127.12 0.1 1
131.25 0.1 1
133.14 0.1 1
135.22 0.1 1
137.07 0.1 1
139.02 0.1 1
144.97 0.1 1
146.96 0.1 1
151.06 0.1 1
152.98 0.1 1
154.88 0.1 1
163 0.1 1
166.78 0.1 1
168.8 0.1 1
170.75 0.1 1
172.89 0.1 1
176.77 0.1 1
182.76 0.1 1
184.74 0.1 1
190.59 0.1 1
194.73 0.1 1
198.59 0.1 1
202.46 0.1 1
208.6 0.1 1
214.53 0.1 1
218.52 0.1 1
224.34 0.1 1
228.31 0.1 1
238.19 0.1 1
244.18 0.1 1
246.3 0.1 1
250.15 0.1 1
258.2 0.1 1
260.05 0.1 1
262.13 0.1 1
263.99 0.1 1
265.99 0.1 1
270.12 0.1 1
273.97 0.1 1
275.96 0.1 1
279.94 0.1 1
285.79 0.1 1
289.96 0.1 1
295.9 0.1 1
297.75 0.1 1
299.72 0.1 1
301.75 0.1 1
303.77 0.1 1
305.75 0.1 1
307.62 0.1 1
309.77 0.1 1
325.48 0.1 1
327.48 0.1 1
331.58 0.1 1
333.44 0.1 1
337.43 0.1 1
341.41 0.1 1
349.3 0.1 1
355.44 0.1 1
359.37 0.1 1
361.34 0.1 1
363.21 0.1 1
365.32 0.1 1
371.16 0.1 1
375.19 0.1 1
377.23 0.1 1
385 0.1 1
393.08 0.1 1
395.05 0.1 1
400.89 0.1 1
402.89 0.1 1
410.91 0.1 1
412.86 0.1 1
414.96 0.1 1
424.81 0.1 1
426.78 0.1 1
438.6 0.1 1
440.6 0.1 1
442.65 0.1 1
446.55 0.1 1
448.6 0.1 1
458.47 0.1 1
462.49 0.1 1
466.43 0.1 1
468.51 0.1 1
474.28 0.1 1
480.26 0.1 1
482.35 0.1 1
484.3 0.1 1
486.2 0.1 1
492.2 0.1 1
494.25 0.1 1
496.29 0.1 1
500.17 0.1 1
504.22 0.1 1
