4.27 0.1 1
6.1 0.1 1
10.22 0.1 1
12.15 0.1 1
18.14 0.1 1
20.02 0.1 1
22.14 0.1 1
24.04 0.1 1
25.91 0.1 1
33.84 0.1 1
36 0.1 1
38.01 0.1 1
41.9 0.1 1
45.82 0.1 1
47.8 0.1 1
49.87 0.1 1
51.82 0.1 1
57.79 0.1 1
67.74 0.1 1
69.62 0.1 1
71.69 0.1 1
73.68 0.1 1
77.51 0.1 1
79.58 0.1 1
81.56 0.1 1
85.58 0.1 1
87.51 0.1 1
89.55 0.1 1
91.42 0.1 1
95.43 0.1 1
107.34 0.1 1
121.16 0.1 1
125.11 0.1 1
127.23 0.1 1
131.11 0.1 1
133.13 0.1 1
135.05 0.1 1
137.1 0.1 1
139.12 0.1 1
145 0.1 1
147.04 0.1 1
151.07 0.1 1
152.89 0.1 1
154.89 0.1 1
162.79 0.1 1
166.93 0.1 1
168.89 0.1 1
170.83 0.1 1
172.71 0.1 1
176.85 0.1 1
182.72 0.1 1
184.73 0.1 1
190.57 0.1 1
194.6 0.1 1
198.47 0.1 1
202.61 0.1 1
208.43 0.1 1
214.49 0.1 1
218.34 0.1 1
224.31 0.1 1
228.37 0.1 1
238.22 0.1 1
244.16 0.1 1
246.1 0.1 1
250.26 0.1 1
258.11 0.1 1
260.18 0.1 1
262.05 0.1 1
264.14 0.1 1
266.11 0.1 1
269.96 0.1 1
273.97 0.1 1
275.87 0.1 1
279.95 0.1 1
285.94 0.1 1
289.84 0.1 1
295.86 0.1 1
297.81 0.1 1
299.79 0.1 1
301.64 0.1 1
303.68 0.1 1
305.74 0.1 1
307.61 0.1 1
309.75 0.1 1
325.47 0.1 1
327.44 0.1 1
331.4 0.1 1
333.57 0.1 1
337.44 0.1 1
341.37 0.1 1
349.46 0.1 1
355.33 0.1 1
359.3 0.1 1
361.33 0.1 1
363.21 0.1 1
365.18 0.1 1
371.28 0.1 1
375.15 0.1 1
377.24 0.1 1
385.04 0.1 1
392.91 0.1 1
394.89 0.1 1
400.98 0.1 1
402.98 0.1 1
410.93 0.1 1
412.82 0.1 1
414.93 0.1 1
424.75 0.1 1
426.72 0.1 1
438.61 0.1 1
440.71 0.1 1
442.53 0.1 1
446.6 0.1 1
448.46 0.1 1
458.55 0.1 1
462.52 0.1 1
466.5 0.1 1
468.45 0.1 1
474.4 0.1 1
480.37 0.1 1
482.29 0.1 1
484.21 0.1 1
486.31 0.1 1
492.21 0.1 1
494.16 0.1 1
496.26 0.1 1
500.08 0.1 1
504.18 0.1 1
