4.27 0.1 1
6.1 0.1 1
10.1 0.1 1
12.12 0.1 1
18.02 0.1 1
20.07 0.1 1
22.09 0.1 1
23.94 0.1 1
25.98 0.1 1
33.96 0.1 1
35.96 0.1 1
37.85 0.1 1
41.83 0.1 1
45.9 0.1 1
47.93 0.1 1
49.82 0.1 1
51.75 0.1 1
57.7 0.1 1
67.59 0.1 1
69.56 0.1 1
71.69 0.1 1
73.58 0.1 1
77.56 0.1 1
79.48 0.1 1
81.53 0.1 1
85.45 0.1 1
87.48 0.1 1
89.55 0.1 1
91.53 0.1 1
95.43 0.1 1
107.32 0.1 1
121.34 0.1 1
125.28 0.1 1
127.15 0.1 1
131.15 0.1 1
133.2 0.1 1
135.15 0.1 1
137.1 0.1 1
139.05 0.1 1
145.12 0.1 1
147.02 0.1 1
151.09 0.1 1
153.09 0.1 1
155.06 0.1 1
162.94 0.1 1
166.84 0.1 1
168.79 0.1 1
170.76 0.1 1
172.9 0.1 1
176.81 0.1 1
182.7 0.1 1
184.83 0.1 1
190.69 0.1 1
194.72 0.1 1
198.6 0.1 1
202.52 0.1 1
208.62 0.1 1
214.54 0.1 1
218.43 0.1 1
224.38 0.1 1
228.3 0.1 1
238.2 0.1 1
244.17 0.1 1
246.25 0.1 1
250.12 0.1 1
258.04 0.1 1
260.06 0.1 1
262.16 0.1 1
264.1 0.1 1
266.05 0.1 1
270.1 0.1 1
274.05 0.1 1
276.02 0.1 1
279.88 0.1 1
285.9 0.1 1
289.89 0.1 1
295.79 0.1 1
297.74 0.1 1
299.68 0.1 1
301.66 0.1 1
303.81 0.1 1
305.66 0.1 1
307.64 0.1 1
309.69 0.1 1
325.58 0.1 1
327.63 0.1 1
331.42 0.1 1
333.52 0.1 1
337.37 0.1 1
341.44 0.1 1
349.33 0.1 1
355.41 0.1 1
359.35 0.1 1
361.18 0.1 1
363.28 0.1 1
365.31 0.1 1
371.15 0.1 1
375.1 0.1 1
377.22 0.1 1
385.07 0.1 1
393.12 0.1 1
394.94 0.1 1
400.89 0.1 1
402.86 0.1 1
410.9 0.1 1
412.95 0.1 1
414.83 0.1 1
424.75 0.1 1
426.69 0.1 1
438.68 0.1 1
440.74 0.1 1
442.59 0.1 1
446.6 0.1 1
448.65 0.1 1
458.55 0.1 1
462.55 0.1 1
466.44 0.1 1
468.34 0.1 1
474.37 0.1 1
480.39 0.1 1
482.21 0.1 1
484.23 0.1 1
486.34 0.1 1
492.33 0.1 1
494.3 0.1 1
496.3 0.1 1
500.1 0.1 1
504.08 0.1 1
