4.28 0.1 1
6.15 0.1 1
10.23 0.1 1
12.05 0.1 1
18 0.1 1
20.07 0.1 1
22.1 0.1 1
24.12 0.1 1
26.05 0.1 1
33.96 0.1 1
36.01 0.1 1
37.86 0.1 1
41.81 0.1 1
45.8 0.1 1
47.85 0.1 1
49.75 0.1 1
51.85 0.1 1
57.72 0.1 1
67.74 0.1 1
69.7 0.1 1
71.69 0.1 1
73.57 0.1 1
77.66 0.1 1
79.56 0.1 1
81.59 0.1 1
85.59 0.1 1
87.43 0.1 1
89.5 0.1 1
91.56 0.1 1
95.55 0.1 1
107.3 0.1 1
121.19 0.1 1
125.12 0.1 1
127.29 0.1 1
131.14 0.1 1
133.08 0.1 1
135.21 0.1 1
137.18 0.1 1
139.13 0.1 1
145.08 0.1 1
146.97 0.1 1
150.95 0.1 1
153.05 0.1 1
154.99 0.1 1
162.91 0.1 1
166.92 0.1 1
168.81 0.1 1
170.76 0.1 1
172.93 0.1 1
176.69 0.1 1
182.68 0.1 1
184.71 0.1 1
190.63 0.1 1
194.67 0.1 1
198.67 0.1 1
202.55 0.1 1
208.56 0.1 1
214.42 0.1 1
218.49 0.1 1
224.46 0.1 1
228.34 0.1 1
238.33 0.1 1
244.18 0.1 1
246.32 0.1 1
250.24 0.1 1
258.04 0.1 1
260.21 0.1 1
262.21 0.1 1
264.19 0.1 1
266.13 0.1 1
269.99 0.1 1
273.98 0.1 1
275.91 0.1 1
279.9 0.1 1
285.97 0.1 1
289.78 0.1 1
295.85 0.1 1
297.87 0.1 1
299.7 0.1 1
301.81 0.1 1
303.72 0.1 1
305.74 0.1 1
307.69 0.1 1
309.62 0.1 1
325.53 0.1 1
327.48 0.1 1
331.63 0.1 1
333.62 0.1 1
337.55 0.1 1
341.57 0.1 1
349.32 0.1 1
355.36 0.1 1
359.33 0.1 1
361.24 0.1 1
363.36 0.1 1
365.3 0.1 1
371.18 0.1 1
375.21 0.1 1
377.08 0.1 1
385.14 0.1 1
392.99 0.1 1
395.11 0.1 1
400.88 0.1 1
402.96 0.1 1
410.91 0.1 1
412.96 0.1 1
414.9 0.1 1
424.88 0.1 1
426.85 0.1 1
438.77 0.1 1
440.56 0.1 1
442.62 0.1 1
446.69 0.1 1
448.64 0.1 1
458.5 0.1 1
462.45 0.1 1
466.43 0.1 1
468.5 0.1 1
474.3 0.1 1
480.3 0.1 1
482.27 0.1 1
484.32 0.1 1
486.19 0.1 1
492.16 0.1 1
494.33 0.1 1
496.14 0.1 1
500.21 0.1 1
504.21 0.1 1
