4.08 0.1 1
6.27 0.1 1
10.17 0.1 1
12.09 0.1 1
18 0.1 1
20.15 0.1 1
21.94 0.1 1
23.94 0.1 1
26.11 0.1 1
33.99 0.1 1
35.89 0.1 1
37.84 0.1 1
41.86 0.1 1
45.85 0.1 1
47.83 0.1 1
49.72 0.1 1
51.77 0.1 1
57.73 0.1 1
67.59 0.1 1
69.62 0.1 1
71.62 0.1 1
73.54 0.1 1
77.58 0.1 1
79.58 0.1 1
81.48 0.1 1
85.59 0.1 1
87.5 0.1 1
89.43 0.1 1
91.36 0.1 1
95.48 0.1 1
107.35 0.1 1
121.14 0.1 1
125.12 0.1 1
127.21 0.1 1
131.06 0.1 1
133.15 0.1 1
135.1 0.1 1
137.03 0.1 1
139.15 0.1 1
144.92 0.1 1
147.02 0.1 1
150.88 0.1 1
152.99 0.1 1
154.89 0.1 1
162.87 0.1 1
166.81 0.1 1
168.84 0.1 1
170.84 0.1 1
172.84 0.1 1
176.79 0.1 1
182.8 0.1 1
184.66 0.1 1
190.68 0.1 1
194.5 0.1 1
198.67 0.1 1
202.5 0.1 1
208.54 0.1 1
214.51 0.1 1
218.38 0.1 1
224.29 0.1 1
228.23 0.1 1
238.17 0.1 1
244.12 0.1 1
246.17 0.1 1
250.17 0.1 1
258.12 0.1 1
260.06 0.1 1
262.04 0.1 1
264.11 0.1 1
265.99 0.1 1
269.91 0.1 1
273.86 0.1 1
275.95 0.1 1
279.85 0.1 1
285.83 0.1 1
289.7 0.1 1
295.75 0.1 1
297.69 0.1 1
299.69 0.1 1
301.62 0.1 1
303.57 0.1 1
305.57 0.1 1
307.74 0.1 1
309.64 0.1 1
325.48 0.1 1
327.43 0.1 1
331.35 0.1 1
333.37 0.1 1
337.32 0.1 1
341.42 0.1 1
349.39 0.1 1
355.31 0.1 1
359.28 0.1 1
361.26 0.1 1
363.28 0.1 1
365.28 0.1 1
371.21 0.1 1
375.06 0.1 1
377.05 0.1 1
384.99 0.1 1
392.95 0.1 1
394.87 0.1 1
400.91 0.1 1
402.84 0.1 1
410.73 0.1 1
412.69 0.1 1
414.8 0.1 1
424.58 0.1 1
426.65 0.1 1
438.57 0.1 1
440.5 0.1 1
442.61 0.1 1
446.51 0.1 1
448.43 0.1 1
458.46 0.1 1
462.35 0.1 1
466.31 0.1 1
468.35 0.1 1
474.25 0.1 1
480.29 0.1 1
482.29 0.1 1
484.2 0.1 1
486.15 0.1 1
492.12 0.1 1
494.16 0.1 1
496.19 0.1 1
500.03 0.1 1
504.03 0.1 1
