4.27 0.1 1
6.07 0.1 1
10.17 0.1 1
12.04 0.1 1
18.02 0.1 1
20.06 0.1 1
22.14 0.1 1
23.99 0.1 1
26.01 0.1 1
33.99 0.1 1
35.96 0.1 1
38.01 0.1 1
41.93 0.1 1
45.8 0.1 1
47.88 0.1 1
49.88 0.1 1
51.8 0.1 1
57.79 0.1 1
67.57 0.1 1
69.66 0.1 1
71.61 0.1 1
73.59 0.1 1
77.68 0.1 1
79.54 0.1 1
81.51 0.1 1
85.51 0.1 1
87.53 0.1 1
89.48 0.1 1
91.38 0.1 1
95.45 0.1 1
107.29 0.1 1
121.21 0.1 1
125.18 0.1 1
127.08 0.1 1
131.19 0.1 1
133.06 0.1 1
135.13 0.1 1
137.03 0.1 1
139.06 0.1 1
145 0.1 1
147.07 0.1 1
150.94 0.1 1
152.99 0.1 1
155 0.1 1
162.82 0.1 1
166.86 0.1 1
168.89 0.1 1
170.69 0.1 1
172.73 0.1 1
176.69 0.1 1
182.68 0.1 1
184.6 0.1 1
190.55 0.1 1
194.55 0.1 1
198.65 0.1 1
202.6 0.1 1
208.51 0.1 1
214.46 0.1 1
218.44 0.1 1
224.4 0.1 1
228.4 0.1 1
238.25 0.1 1
244.07 0.1 1
246.17 0.1 1
250.15 0.1 1
258.09 0.1 1
260.01 0.1 1
262.01 0.1 1
263.93 0.1 1
265.93 0.1 1
270.03 0.1 1
273.85 0.1 1
275.8 0.1 1
279.88 0.1 1
285.88 0.1 1
289.87 0.1 1
295.65 0.1 1
297.82 0.1 1
299.67 0.1 1
301.67 0.1 1
303.59 0.1 1
305.74 0.1 1
307.59 0.1 1
309.52 0.1 1
325.55 0.1 1
327.51 0.1 1
331.55 0.1 1
333.38 0.1 1
337.3 0.1 1
341.44 0.1 1
349.36 0.1 1
355.21 0.1 1
359.19 0.1 1
361.29 0.1 1
363.13 0.1 1
365.13 0.1 1
371.06 0.1 1
375.08 0.1 1
377.12 0.1 1
385.12 0.1 1
393.04 0.1 1
394.97 0.1 1
400.91 0.1 1
402.98 0.1 1
410.85 0.1 1
412.75 0.1 1
414.75 0.1 1
424.73 0.1 1
426.7 0.1 1
438.57 0.1 1
440.47 0.1 1
442.52 0.1 1
446.54 0.1 1
448.61 0.1 1
458.46 0.1 1
462.35 0.1 1
466.41 0.1 1
468.37 0.1 1
474.3 0.1 1
480.17 0.1 1
482.15 0.1 1
484.15 0.1 1
486.25 0.1 1
492.14 0.1 1
494.12 0.1 1
496.14 0.1 1
500.11 0.1 1
504.13 0.1 1
