4.09 0.1 1
6.26 0.1 1
10.08 0.1 1
12.08 0.1 1
18.05 0.1 1
20.02 0.1 1
21.98 0.1 1
23.98 0.1 1
25.93 0.1 1
33.89 0.1 1
36 0.1 1
37.99 0.1 1
41.81 0.1 1
45.77 0.1 1
47.76 0.1 1
49.86 0.1 1
51.91 0.1 1
57.68 0.1 1
67.6 0.1 1
69.6 0.1 1
71.6 0.1 1
73.65 0.1 1
77.5 0.1 1
79.57 0.1 1
81.67 0.1 1
85.52 0.1 1
87.56 0.1 1
89.44 0.1 1
91.57 0.1 1
95.48 0.1 1
107.4 0.1 1
121.28 0.1 1
125.32 0.1 1
127.14 0.1 1
131.22 0.1 1
133.22 0.1 1
135.21 0.1 1
137.11 0.1 1
139.04 0.1 1
144.96 0.1 1
147.01 0.1 1
151.1 0.1 1
153.01 0.1 1
155.08 0.1 1
162.83 0.1 1
166.95 0.1 1
168.9 0.1 1
170.8 0.1 1
172.85 0.1 1
176.72 0.1 1
182.69 0.1 1
184.67 0.1 1
190.66 0.1 1
194.61 0.1 1
198.65 0.1 1
202.5 0.1 1
208.55 0.1 1
214.57 0.1 1
218.39 0.1 1
224.5 0.1 1
228.32 0.1 1
238.21 0.1 1
244.31 0.1 1
246.23 0.1 1
250.16 0.1 1
258.13 0.1 1
260.2 0.1 1
262.13 0.1 1
264.09 0.1 1
266.1 0.1 1
270.15 0.1 1
274.02 0.1 1
275.92 0.1 1
280.04 0.1 1
285.86 0.1 1
289.83 0.1 1
295.76 0.1 1
297.76 0.1 1
299.82 0.1 1
301.87 0.1 1
303.85 0.1 1
305.77 0.1 1
307.79 0.1 1
309.72 0.1 1
325.66 0.1 1
327.54 0.1 1
331.66 0.1 1
333.63 0.1 1
337.41 0.1 1
341.4 0.1 1
349.4 0.1 1
355.44 0.1 1
359.29 0.1 1
361.32 0.1 1
363.22 0.1 1
365.24 0.1 1
371.23 0.1 1
375.31 0.1 1
377.11 0.1 1
385.21 0.1 1
393.08 0.1 1
395.05 0.1 1
401.04 0.1 1
403.05 0.1 1
410.96 0.1 1
412.86 0.1 1
414.81 0.1 1
424.78 0.1 1
426.75 0.1 1
438.62 0.1 1
440.77 0.1 1
442.57 0.1 1
446.6 0.1 1
448.62 0.1 1
458.57 0.1 1
462.52 0.1 1
466.58 0.1 1
468.56 0.1 1
474.51 0.1 1
480.41 0.1 1
482.45 0.1 1
484.38 0.1 1
486.28 0.1 1
492.27 0.1 1
494.29 0.1 1
496.17 0.1 1
500.12 0.1 1
504.11 0.1 1
