4.29 0.1 1
6.16 0.1 1
10.14 0.1 1
12.14 0.1 1
18.16 0.1 1
20.08 0.1 1
22 0.1 1
24.12 0.1 1
26.12 0.1 1
34.02 0.1 1
35.92 0.1 1
37.9 0.1 1
41.91 0.1 1
45.82 0.1 1
47.87 0.1 1
49.83 0.1 1
51.86 0.1 1
57.78 0.1 1
67.7 0.1 1
69.65 0.1 1
71.55 0.1 1
73.65 0.1 1
77.55 0.1 1
79.6 0.1 1
81.5 0.1 1
85.47 0.1 1
87.61 0.1 1
89.57 0.1 1
91.44 0.1 1
95.42 0.1 1
107.45 0.1 1
121.25 0.1 1
125.29 0.1 1
127.14 0.1 1
131.17 0.1 1
133.1 0.1 1
135.14 0.1 1
137.12 0.1 1
139.02 0.1 1
145.14 0.1 1
147.01 0.1 1
150.93 0.1 1
152.91 0.1 1
155.01 0.1 1
162.93 0.1 1
166.8 0.1 1
168.78 0.1 1
170.84 0.1 1
172.79 0.1 1
176.9 0.1 1
182.82 0.1 1
184.82 0.1 1
190.79 0.1 1
194.73 0.1 1
198.61 0.1 1
202.51 0.1 1
208.63 0.1 1
214.55 0.1 1
218.49 0.1 1
224.47 0.1 1
228.41 0.1 1
238.26 0.1 1
244.28 0.1 1
246.23 0.1 1
250.3 0.1 1
258.23 0.1 1
260.07 0.1 1
262.07 0.1 1
264.17 0.1 1
265.99 0.1 1
270 0.1 1
274.02 0.1 1
275.96 0.1 1
280.07 0.1 1
285.89 0.1 1
289.96 0.1 1
295.91 0.1 1
297.81 0.1 1
299.76 0.1 1
301.72 0.1 1
303.88 0.1 1
305.72 0.1 1
307.77 0.1 1
309.67 0.1 1
325.57 0.1 1
327.51 0.1 1
331.61 0.1 1
333.49 0.1 1
337.61 0.1 1
341.58 0.1 1
349.5 0.1 1
355.29 0.1 1
359.42 0.1 1
361.42 0.1 1
363.39 0.1 1
365.36 0.1 1
371.32 0.1 1
375.12 0.1 1
377.24 0.1 1
385.2 0.1 1
392.96 0.1 1
395.12 0.1 1
401.02 0.1 1
403.08 0.1 1
410.95 0.1 1
412.89 0.1 1
414.92 0.1 1
424.88 0.1 1
426.86 0.1 1
438.68 0.1 1
440.65 0.1 1
442.68 0.1 1
446.7 0.1 1
448.54 0.1 1
458.64 0.1 1
462.41 0.1 1
466.39 0.1 1
468.53 0.1 1
474.49 0.1 1
480.26 0.1 1
482.4 0.1 1
484.23 0.1 1
486.4 0.1 1
492.27 0.1 1
494.3 0.1 1
496.2 0.1 1
500.24 0.1 1
504.15 0.1 1
