4.22 0.1 1
6.12 0.1 1
10.2 0.1 1
12.14 0.1 1
18 0.1 1
19.99 0.1 1
22.07 0.1 1
24.07 0.1 1
25.94 0.1 1
33.91 0.1 1
35.96 0.1 1
38 0.1 1
41.9 0.1 1
45.75 0.1 1
47.8 0.1 1
49.73 0.1 1
51.85 0.1 1
57.8 0.1 1
67.62 0.1 1
69.64 0.1 1
71.58 0.1 1
73.62 0.1 1
77.53 0.1 1
79.64 0.1 1
81.5 0.1 1
85.6 0.1 1
87.6 0.1 1
89.53 0.1 1
91.4 0.1 1
95.48 0.1 1
107.32 0.1 1
121.28 0.1 1
125.29 0.1 1
127.14 0.1 1
131.1 0.1 1
133.11 0.1 1
135.23 0.1 1
137.05 0.1 1
139.03 0.1 1
145 0.1 1
147.1 0.1 1
150.99 0.1 1
153.05 0.1 1
154.87 0.1 1
163.01 0.1 1
166.96 0.1 1
168.81 0.1 1
170.88 0.1 1
172.84 0.1 1
176.8 0.1 1
182.72 0.1 1
184.7 0.1 1
190.67 0.1 1
194.64 0.1 1
198.67 0.1 1
202.52 0.1 1
208.54 0.1 1
214.39 0.1 1
218.56 0.1 1
224.5 0.1 1
228.43 0.1 1
238.24 0.1 1
244.2 0.1 1
246.14 0.1 1
250.31 0.1 1
258.16 0.1 1
260.14 0.1 1
262.04 0.1 1
264.01 0.1 1
266.13 0.1 1
270.01 0.1 1
273.93 0.1 1
276.06 0.1 1
279.92 0.1 1
285.97 0.1 1
289.87 0.1 1
295.77 0.1 1
297.82 0.1 1
299.86 0.1 1
301.82 0.1 1
303.79 0.1 1
305.79 0.1 1
307.73 0.1 1
309.71 0.1 1
325.52 0.1 1
327.68 0.1 1
331.6 0.1 1
333.57 0.1 1
337.47 0.1 1
341.57 0.1 1
349.41 0.1 1
355.34 0.1 1
359.31 0.1 1
361.21 0.1 1
363.3 0.1 1
365.21 0.1 1
371.2 0.1 1
375.1 0.1 1
377.12 0.1 1
385.1 0.1 1
393.14 0.1 1
394.96 0.1 1
400.96 0.1 1
402.98 0.1 1
410.93 0.1 1
413 0.1 1
414.95 0.1 1
424.83 0.1 1
426.89 0.1 1
438.59 0.1 1
440.72 0.1 1
442.68 0.1 1
446.69 0.1 1
448.61 0.1 1
458.43 0.1 1
462.53 0.1 1
466.57 0.1 1
468.53 0.1 1
474.39 0.1 1
480.29 0.1 1
482.27 0.1 1
484.41 0.1 1
486.41 0.1 1
492.21 0.1 1
494.14 0.1 1
496.13 0.1 1
500.21 0.1 1
504.26 0.1 1
