4.25 0.1 1
6.15 0.1 1
10.07 0.1 1
12.1 0.1 1
18.17 0.1 1
20.04 0.1 1
22.01 0.1 1
24.11 0.1 1
25.91 0.1 1
34.03 0.1 1
35.96 0.1 1
37.86 0.1 1
41.91 0.1 1
45.83 0.1 1
47.88 0.1 1
49.77 0.1 1
51.7 0.1 1
57.82 0.1 1
67.66 0.1 1
69.67 0.1 1
71.64 0.1 1
73.59 0.1 1
77.63 0.1 1
79.59 0.1 1
81.54 0.1 1
85.43 0.1 1
87.51 0.1 1
89.58 0.1 1
91.38 0.1 1
95.47 0.1 1
107.44 0.1 1
121.26 0.1 1
125.19 0.1 1
127.19 0.1 1
131.23 0.1 1
133.06 0.1 1
135.08 0.1 1
137.12 0.1 1
139.03 0.1 1
145.13 0.1 1
146.95 0.1 1
151.04 0.1 1
153.02 0.1 1
154.99 0.1 1
162.86 0.1 1
166.94 0.1 1
168.88 0.1 1
170.81 0.1 1
172.79 0.1 1
176.81 0.1 1
182.83 0.1 1
184.78 0.1 1
190.7 0.1 1
194.55 0.1 1
198.6 0.1 1
202.56 0.1 1
208.46 0.1 1
214.48 0.1 1
218.51 0.1 1
224.33 0.1 1
228.38 0.1 1
238.34 0.1 1
244.25 0.1 1
246.19 0.1 1
250.17 0.1 1
258.19 0.1 1
260.14 0.1 1
262.06 0.1 1
264.09 0.1 1
266.01 0.1 1
270.06 0.1 1
274.03 0.1 1
276.01 0.1 1
279.85 0.1 1
285.87 0.1 1
289.72 0.1 1
295.67 0.1 1
297.82 0.1 1
299.76 0.1 1
301.81 0.1 1
303.68 0.1 1
305.58 0.1 1
307.66 0.1 1
309.58 0.1 1
325.55 0.1 1
327.5 0.1 1
331.42 0.1 1
333.47 0.1 1
337.44 0.1 1
341.34 0.1 1
349.31 0.1 1
355.29 0.1 1
359.21 0.1 1
361.16 0.1 1
363.28 0.1 1
365.1 0.1 1
371.15 0.1 1
375.07 0.1 1
377.08 0.1 1
384.99 0.1 1
393.06 0.1 1
394.99 0.1 1
400.94 0.1 1
402.78 0.1 1
410.85 0.1 1
412.88 0.1 1
414.73 0.1 1
424.8 0.1 1
426.67 0.1 1
438.52 0.1 1
440.54 0.1 1
442.66 0.1 1
446.54 0.1 1
448.6 0.1 1
458.4 0.1 1
462.32 0.1 1
466.47 0.1 1
468.42 0.1 1
474.2 0.1 1
480.26 0.1 1
482.16 0.1 1
484.19 0.1 1
486.29 0.1 1
492.08 0.1 1
494.05 0.1 1
496.03 0.1 1
500.13 0.1 1
503.98 0.1 1
