4.09 0.1 1
6.26 0.1 1
10.06 0.1 1
12.13 0.1 1
18.06 0.1 1
20.03 0.1 1
21.98 0.1 1
23.95 0.1 1
26.03 0.1 1
34.03 0.1 1
35.97 0.1 1
37.87 0.1 1
41.87 0.1 1
45.79 0.1 1
47.79 0.1 1
49.77 0.1 1
51.86 0.1 1
57.71 0.1 1
67.7 0.1 1
69.63 0.1 1
71.63 0.1 1
73.52 0.1 1
77.53 0.1 1
79.55 0.1 1
81.53 0.1 1
85.49 0.1 1
87.49 0.1 1
89.57 0.1 1
91.42 0.1 1
95.41 0.1 1
107.23 0.1 1
121.17 0.1 1
125.1 0.1 1
127.17 0.1 1
131.17 0.1 1
133.15 0.1 1
135 0.1 1
137.02 0.1 1
139.12 0.1 1
145.03 0.1 1
147.08 0.1 1
150.99 0.1 1
153.03 0.1 1
154.93 0.1 1
162.91 0.1 1
166.73 0.1 1
168.83 0.1 1
170.8 0.1 1
172.72 0.1 1
176.7 0.1 1
182.74 0.1 1
184.71 0.1 1
190.74 0.1 1
194.53 0.1 1
198.58 0.1 1
202.6 0.1 1
208.48 0.1 1
214.38 0.1 1
218.4 0.1 1
224.34 0.1 1
228.34 0.1 1
238.31 0.1 1
244.25 0.1 1
246.15 0.1 1
250.26 0.1 1
258.1 0.1 1
260.15 0.1 1
262.1 0.1 1
264.15 0.1 1
266.05 0.1 1
270.1 0.1 1
273.92 0.1 1
275.89 0.1 1
279.82 0.1 1
285.88 0.1 1
289.75 0.1 1
295.76 0.1 1
297.86 0.1 1
299.83 0.1 1
301.78 0.1 1
303.73 0.1 1
305.65 0.1 1
307.78 0.1 1
309.72 0.1 1
325.57 0.1 1
327.59 0.1 1
331.48 0.1 1
333.46 0.1 1
337.39 0.1 1
341.46 0.1 1
349.4 0.1 1
355.29 0.1 1
359.3 0.1 1
361.35 0.1 1
363.19 0.1 1
365.17 0.1 1
371.16 0.1 1
375.19 0.1 1
377.09 0.1 1
385.05 0.1 1
393.06 0.1 1
394.98 0.1 1
400.99 0.1 1
402.95 0.1 1
410.95 0.1 1
412.87 0.1 1
414.91 0.1 1
424.64 0.1 1
426.74 0.1 1
438.55 0.1 1
440.58 0.1 1
442.58 0.1 1
446.67 0.1 1
448.57 0.1 1
458.52 0.1 1
462.52 0.1 1
466.32 0.1 1
468.41 0.1 1
474.35 0.1 1
480.3 0.1 1
482.38 0.1 1
484.35 0.1 1
486.27 0.1 1
492.2 0.1 1
494.12 0.1 1
496.09 0.1 1
500.12 0.1 1
504.04 0.1 1
