4.21 0.1 1
6.25 0.1 1
10.17 0.1 1
12.17 0.1 1
18.1 0.1 1
19.99 0.1 1
21.99 0.1 1
23.97 0.1 1
25.99 0.1 1
33.93 0.1 1
35.88 0.1 1
37.88 0.1 1
41.91 0.1 1
45.91 0.1 1
47.77 0.1 1
49.92 0.1 1
51.82 0.1 1
57.69 0.1 1
67.62 0.1 1
69.69 0.1 1
71.66 0.1 1
73.66 0.1 1
77.61 0.1 1
79.64 0.1 1
81.46 0.1 1
85.5 0.1 1
87.51 0.1 1
89.5 0.1 1
91.48 0.1 1
95.47 0.1 1
107.32 0.1 1
121.16 0.1 1
125.19 0.1 1
127.16 0.1 1
131.11 0.1 1
133.06 0.1 1
135.1 0.1 1
137.07 0.1 1
139.12 0.1 1
145 0.1 1
146.95 0.1 1
150.9 0.1 1
152.96 0.1 1
154.97 0.1 1
163.01 0.1 1
166.86 0.1 1
168.76 0.1 1
170.83 0.1 1
172.93 0.1 1
176.7 0.1 1
182.82 0.1 1
184.68 0.1 1
190.75 0.1 1
194.67 0.1 1
198.51 0.1 1
202.57 0.1 1
208.49 0.1 1
214.5 0.1 1
218.43 0.1 1
224.43 0.1 1
228.3 0.1 1
238.27 0.1 1
244.24 0.1 1
246.14 0.1 1
250.12 0.1 1
258.21 0.1 1
260.2 0.1 1
262.06 0.1 1
264.01 0.1 1
266.08 0.1 1
269.97 0.1 1
274.05 0.1 1
276.04 0.1 1
279.95 0.1 1
286.01 0.1 1
289.81 0.1 1
295.73 0.1 1
297.91 0.1 1
299.74 0.1 1
301.81 0.1 1
303.8 0.1 1
305.78 0.1 1
307.63 0.1 1
309.81 0.1 1
325.49 0.1 1
327.67 0.1 1
331.54 0.1 1
333.57 0.1 1
337.44 0.1 1
341.54 0.1 1
349.48 0.1 1
355.37 0.1 1
359.28 0.1 1
361.28 0.1 1
363.29 0.1 1
365.35 0.1 1
371.25 0.1 1
375.16 0.1 1
377.21 0.1 1
385.18 0.1 1
393.08 0.1 1
395.11 0.1 1
400.93 0.1 1
402.98 0.1 1
410.84 0.1 1
412.79 0.1 1
414.84 0.1 1
424.89 0.1 1
426.86 0.1 1
438.76 0.1 1
440.58 0.1 1
442.7 0.1 1
446.55 0.1 1
448.58 0.1 1
458.56 0.1 1
462.54 0.1 1
466.52 0.1 1
468.41 0.1 1
474.36 0.1 1
480.33 0.1 1
482.41 0.1 1
484.26 0.1 1
486.21 0.1 1
492.22 0.1 1
494.25 0.1 1
496.27 0.1 1
500.2 0.1 1
504.19 0.1 1
