4.21 0.1 1
6.2 0.1 1
10.17 0.1 1
12.02 0.1 1
18.15 0.1 1
20.07 0.1 1
21.94 0.1 1
23.97 0.1 1
26.11 0.1 1
33.89 0.1 1
35.86 0.1 1
37.83 0.1 1
41.93 0.1 1
45.85 0.1 1
47.93 0.1 1
49.8 0.1 1
51.83 0.1 1
57.82 0.1 1
67.6 0.1 1
69.65 0.1 1
71.69 0.1 1
73.69 0.1 1
77.49 0.1 1
79.56 0.1 1
81.59 0.1 1
85.54 0.1 1
87.46 0.1 1
89.48 0.1 1
91.48 0.1 1
95.36 0.1 1
107.43 0.1 1
121.16 0.1 1
125.22 0.1 1
127.08 0.1 1
131.21 0.1 1
133.14 0.1 1
135.01 0.1 1
137.13 0.1 1
139.08 0.1 1
144.95 0.1 1
146.91 0.1 1
150.88 0.1 1
152.93 0.1 1
154.92 0.1 1
162.84 0.1 1
166.86 0.1 1
168.81 0.1 1
170.91 0.1 1
172.78 0.1 1
176.81 0.1 1
182.68 0.1 1
184.78 0.1 1
190.75 0.1 1
194.6 0.1 1
198.52 0.1 1
202.6 0.1 1
208.6 0.1 1
214.46 0.1 1
218.47 0.1 1
224.31 0.1 1
228.34 0.1 1
238.37 0.1 1
244.23 0.1 1
246.2 0.1 1
250.09 0.1 1
258.06 0.1 1
260.07 0.1 1
262.01 0.1 1
264.02 0.1 1
265.98 0.1 1
270.01 0.1 1
273.94 0.1 1
276.05 0.1 1
280.01 0.1 1
285.92 0.1 1
289.83 0.1 1
295.88 0.1 1
297.7 0.1 1
299.69 0.1 1
301.74 0.1 1
303.7 0.1 1
305.69 0.1 1
307.71 0.1 1
309.67 0.1 1
325.53 0.1 1
327.5 0.1 1
331.43 0.1 1
333.45 0.1 1
337.5 0.1 1
341.47 0.1 1
349.31 0.1 1
355.36 0.1 1
359.31 0.1 1
361.29 0.1 1
363.28 0.1 1
365.21 0.1 1
371.16 0.1 1
375.08 0.1 1
377.1 0.1 1
385.03 0.1 1
393.09 0.1 1
394.89 0.1 1
400.82 0.1 1
402.94 0.1 1
410.74 0.1 1
412.74 0.1 1
414.86 0.1 1
424.71 0.1 1
426.73 0.1 1
438.69 0.1 1
440.55 0.1 1
442.52 0.1 1
446.47 0.1 1
448.59 0.1 1
458.38 0.1 1
462.46 0.1 1
466.48 0.1 1
468.28 0.1 1
474.37 0.1 1
480.2 0.1 1
482.25 0.1 1
484.2 0.1 1
486.24 0.1 1
492.21 0.1 1
494.04 0.1 1
496.17 0.1 1
500.09 0.1 1
504.09 0.1 1
