4.16 0.1 1
6.23 0.1 1
10.1 0.1 1
12.11 0.1 1
17.98 0.1 1
20.01 0.1 1
21.88 0.1 1
23.92 0.1 1
25.84 0.1 1
33.86 0.1 1
35.71 0.1 1
37.75 0.1 1
41.6 0.1 1
45.6 0.1 1
47.51 0.1 1
49.56 0.1 1
51.53 0.1 1
57.48 0.1 1
67.48 0.1 1
69.31 0.1 1
71.41 0.1 1
73.35 0.1 1
77.27 0.1 1
79.32 0.1 1
81.19 0.1 1
85.13 0.1 1
87.06 0.1 1
89.02 0.1 1
91.12 0.1 1
95 0.1 1
106.82 0.1 1
120.8 0.1 1
124.67 0.1 1
126.62 0.1 1
130.59 0.1 1
132.59 0.1 1
134.69 0.1 1
136.48 0.1 1
138.58 0.1 1
144.4 0.1 1
146.36 0.1 1
150.34 0.1 1
152.41 0.1 1
154.41 0.1 1
162.24 0.1 1
166.31 0.1 1
168.26 0.1 1
170.15 0.1 1
172.22 0.1 1
176.09 0.1 1
182.03 0.1 1
184.01 0.1 1
189.82 0.1 1
193.95 0.1 1
197.92 0.1 1
201.83 0.1 1
207.63 0.1 1
213.64 0.1 1
217.58 0.1 1
223.48 0.1 1
227.44 0.1 1
237.45 0.1 1
243.42 0.1 1
245.24 0.1 1
249.21 0.1 1
257.27 0.1 1
259.12 0.1 1
261.2 0.1 1
263.09 0.1 1
265.14 0.1 1
269.1 0.1 1
273.05 0.1 1
274.97 0.1 1
278.81 0.1 1
284.89 0.1 1
288.71 0.1 1
294.67 0.1 1
296.66 0.1 1
298.71 0.1 1
300.58 0.1 1
302.56 0.1 1
304.51 0.1 1
306.45 0.1 1
308.5 0.1 1
324.45 0.1 1
326.3 0.1 1
330.32 0.1 1
332.29 0.1 1
336.23 0.1 1
340.2 0.1 1
348.11 0.1 1
354.11 0.1 1
357.93 0.1 1
359.95 0.1 1
361.99 0.1 1
363.96 0.1 1
369.93 0.1 1
373.87 0.1 1
375.87 0.1 1
383.74 0.1 1
391.63 0.1 1
393.6 0.1 1
399.63 0.1 1
401.59 0.1 1
409.4 0.1 1
411.29 0.1 1
413.34 0.1 1
423.3 0.1 1
425.24 0.1 1
437.03 0.1 1
439 0.1 1
440.97 0.1 1
444.92 0.1 1
447.07 0.1 1
456.9 0.1 1
460.87 0.1 1
464.84 0.1 1
466.84 0.1 1
472.71 0.1 1
478.65 0.1 1
480.59 0.1 1
482.49 0.1 1
484.63 0.1 1
490.4 0.1 1
492.47 0.1 1
494.39 0.1 1
498.32 0.1 1
502.41 0.1 1
