4.1 0.1 1
6.22 0.1 1
10.09 0.1 1
12.05 0.1 1
18 0.1 1
19.99 0.1 1
22.09 0.1 1
24.07 0.1 1
26.11 0.1 1
34.04 0.1 1
36.03 0.1 1
37.86 0.1 1
41.96 0.1 1
45.78 0.1 1
47.83 0.1 1
49.73 0.1 1
51.73 0.1 1
57.8 0.1 1
67.74 0.1 1
69.76 0.1 1
71.69 0.1 1
73.66 0.1 1
77.58 0.1 1
79.64 0.1 1
81.51 0.1 1
85.5 0.1 1
87.4 0.1 1
89.43 0.1 1
91.56 0.1 1
95.47 0.1 1
107.34 0.1 1
121.26 0.1 1
125.11 0.1 1
127.08 0.1 1
131.15 0.1 1
133.03 0.1 1
135.2 0.1 1
137 0.1 1
138.98 0.1 1
145.03 0.1 1
147.09 0.1 1
151 0.1 1
152.94 0.1 1
154.97 0.1 1
162.82 0.1 1
166.86 0.1 1
168.79 0.1 1
170.73 0.1 1
172.74 0.1 1
176.71 0.1 1
182.65 0.1 1
184.76 0.1 1
190.65 0.1 1
194.55 0.1 1
198.6 0.1 1
202.62 0.1 1
208.42 0.1 1
214.51 0.1 1
218.39 0.1 1
224.46 0.1 1
228.25 0.1 1
238.35 0.1 1
244.1 0.1 1
246.15 0.1 1
250.22 0.1 1
258.04 0.1 1
259.96 0.1 1
261.96 0.1 1
263.99 0.1 1
266.05 0.1 1
269.91 0.1 1
273.91 0.1 1
275.81 0.1 1
279.98 0.1 1
285.85 0.1 1
289.8 0.1 1
295.72 0.1 1
297.76 0.1 1
299.79 0.1 1
301.67 0.1 1
303.71 0.1 1
305.71 0.1 1
307.64 0.1 1
309.61 0.1 1
325.4 0.1 1
327.42 0.1 1
331.47 0.1 1
333.37 0.1 1
337.34 0.1 1
341.32 0.1 1
349.27 0.1 1
355.21 0.1 1
359.26 0.1 1
361.25 0.1 1
363.23 0.1 1
365.25 0.1 1
371.15 0.1 1
375.05 0.1 1
377.15 0.1 1
384.97 0.1 1
392.94 0.1 1
395.01 0.1 1
400.79 0.1 1
402.81 0.1 1
410.83 0.1 1
412.73 0.1 1
414.88 0.1 1
424.69 0.1 1
426.75 0.1 1
438.49 0.1 1
440.57 0.1 1
442.59 0.1 1
446.44 0.1 1
448.43 0.1 1
458.48 0.1 1
462.37 0.1 1
466.42 0.1 1
468.43 0.1 1
474.32 0.1 1
480.31 0.1 1
482.17 0.1 1
484.26 0.1 1
486.21 0.1 1
492.23 0.1 1
494.18 0.1 1
496.03 0.1 1
500.16 0.1 1
504.11 0.1 1
