4.18 0.1 1
6.18 0.1 1
10.12 0.1 1
12.1 0.1 1
17.97 0.1 1
20.1 0.1 1
21.97 0.1 1
23.94 0.1 1
26.1 0.1 1
34.01 0.1 1
35.87 0.1 1
37.88 0.1 1
41.94 0.1 1
45.78 0.1 1
47.83 0.1 1
49.76 0.1 1
51.7 0.1 1
57.78 0.1 1
67.6 0.1 1
69.7 0.1 1
71.69 0.1 1
73.57 0.1 1
77.67 0.1 1
79.56 0.1 1
81.64 0.1 1
85.49 0.1 1
87.48 0.1 1
89.51 0.1 1
91.46 0.1 1
95.38 0.1 1
107.37 0.1 1
121.24 0.1 1
125.17 0.1 1
127.24 0.1 1
131.18 0.1 1
133.09 0.1 1
135.23 0.1 1
137.03 0.1 1
139.03 0.1 1
145.13 0.1 1
147.1 0.1 1
150.93 0.1 1
153.07 0.1 1
155.02 0.1 1
162.8 0.1 1
166.94 0.1 1
168.79 0.1 1
170.81 0.1 1
172.89 0.1 1
176.86 0.1 1
182.76 0.1 1
184.63 0.1 1
190.76 0.1 1
194.72 0.1 1
198.63 0.1 1
202.52 0.1 1
208.52 0.1 1
214.54 0.1 1
218.38 0.1 1
224.51 0.1 1
228.38 0.1 1
238.32 0.1 1
244.23 0.1 1
246.24 0.1 1
250.3 0.1 1
258.09 0.1 1
260.12 0.1 1
262.12 0.1 1
264.04 0.1 1
266.01 0.1 1
270.06 0.1 1
274.05 0.1 1
275.93 0.1 1
280.01 0.1 1
285.87 0.1 1
289.8 0.1 1
295.8 0.1 1
297.77 0.1 1
299.72 0.1 1
301.81 0.1 1
303.82 0.1 1
305.79 0.1 1
307.79 0.1 1
309.74 0.1 1
325.58 0.1 1
327.5 0.1 1
331.58 0.1 1
333.57 0.1 1
337.52 0.1 1
341.39 0.1 1
349.46 0.1 1
355.44 0.1 1
359.33 0.1 1
361.34 0.1 1
363.28 0.1 1
365.2 0.1 1
371.25 0.1 1
375.12 0.1 1
377.17 0.1 1
385.09 0.1 1
392.96 0.1 1
394.96 0.1 1
401.01 0.1 1
403.03 0.1 1
410.86 0.1 1
412.85 0.1 1
414.86 0.1 1
424.72 0.1 1
426.8 0.1 1
438.62 0.1 1
440.72 0.1 1
442.61 0.1 1
446.61 0.1 1
448.61 0.1 1
458.53 0.1 1
462.56 0.1 1
466.47 0.1 1
468.4 0.1 1
474.42 0.1 1
480.44 0.1 1
482.24 0.1 1
484.24 0.1 1
486.29 0.1 1
492.34 0.1 1
494.31 0.1 1
496.28 0.1 1
500.11 0.1 1
504.23 0.1 1
