4.11 0.1 1
6.19 0.1 1
10.06 0.1 1
12.06 0.1 1
18.05 0.1 1
20.08 0.1 1
22.1 0.1 1
24.06 0.1 1
25.96 0.1 1
34.05 0.1 1
36 0.1 1
38.02 0.1 1
41.89 0.1 1
45.87 0.1 1
47.89 0.1 1
49.81 0.1 1
51.76 0.1 1
57.86 0.1 1
67.6 0.1 1
69.71 0.1 1
71.73 0.1 1
73.68 0.1 1
77.62 0.1 1
79.48 0.1 1
81.6 0.1 1
85.57 0.1 1
87.6 0.1 1
89.47 0.1 1
91.57 0.1 1
95.54 0.1 1
107.26 0.1 1
121.22 0.1 1
125.23 0.1 1
127.15 0.1 1
131.05 0.1 1
133.12 0.1 1
135.2 0.1 1
137.1 0.1 1
139.14 0.1 1
145.06 0.1 1
146.91 0.1 1
151.06 0.1 1
152.99 0.1 1
154.9 0.1 1
162.78 0.1 1
166.85 0.1 1
168.85 0.1 1
170.85 0.1 1
172.8 0.1 1
176.72 0.1 1
182.77 0.1 1
184.71 0.1 1
190.74 0.1 1
194.53 0.1 1
198.61 0.1 1
202.56 0.1 1
208.46 0.1 1
214.37 0.1 1
218.47 0.1 1
224.29 0.1 1
228.24 0.1 1
238.29 0.1 1
244.26 0.1 1
246.08 0.1 1
250.16 0.1 1
258.13 0.1 1
260.03 0.1 1
261.98 0.1 1
264.13 0.1 1
265.99 0.1 1
270.05 0.1 1
273.99 0.1 1
276.04 0.1 1
280.01 0.1 1
285.76 0.1 1
289.73 0.1 1
295.85 0.1 1
297.73 0.1 1
299.76 0.1 1
301.8 0.1 1
303.68 0.1 1
305.78 0.1 1
307.77 0.1 1
309.75 0.1 1
325.59 0.1 1
327.51 0.1 1
331.51 0.1 1
333.48 0.1 1
337.51 0.1 1
341.31 0.1 1
349.42 0.1 1
355.28 0.1 1
359.32 0.1 1
361.15 0.1 1
363.22 0.1 1
365.24 0.1 1
371.11 0.1 1
375.04 0.1 1
377.21 0.1 1
384.94 0.1 1
393.05 0.1 1
395 0.1 1
400.98 0.1 1
402.85 0.1 1
410.85 0.1 1
412.85 0.1 1
414.81 0.1 1
424.76 0.1 1
426.76 0.1 1
438.7 0.1 1
440.53 0.1 1
442.65 0.1 1
446.58 0.1 1
448.48 0.1 1
458.35 0.1 1
462.37 0.1 1
466.42 0.1 1
468.31 0.1 1
474.31 0.1 1
480.19 0.1 1
482.3 0.1 1
484.35 0.1 1
486.16 0.1 1
492.18 0.1 1
494.08 0.1 1
496.18 0.1 1
500.12 0.1 1
503.99 0.1 1
