4.28 0.1 1
6.23 0.1 1
10.13 0.1 1
12.12 0.1 1
18 0.1 1
19.99 0.1 1
22.09 0.1 1
23.99 0.1 1
26.07 0.1 1
33.89 0.1 1
35.93 0.1 1
38.01 0.1 1
41.81 0.1 1
45.9 0.1 1
47.91 0.1 1
49.88 0.1 1
51.75 0.1 1
57.69 0.1 1
67.59 0.1 1
69.66 0.1 1
71.59 0.1 1
73.71 0.1 1
77.49 0.1 1
79.68 0.1 1
81.53 0.1 1
85.5 0.1 1
87.6 0.1 1
89.48 0.1 1
91.51 0.1 1
95.52 0.1 1
107.42 0.1 1
121.33 0.1 1
125.19 0.1 1
127.23 0.1 1
131.18 0.1 1
133.16 0.1 1
135.1 0.1 1
137.01 0.1 1
139.13 0.1 1
144.98 0.1 1
147.13 0.1 1
150.9 0.1 1
152.9 0.1 1
154.94 0.1 1
162.89 0.1 1
166.89 0.1 1
168.81 0.1 1
170.73 0.1 1
172.71 0.1 1
176.76 0.1 1
182.75 0.1 1
184.66 0.1 1
190.63 0.1 1
194.6 0.1 1
198.57 0.1 1
202.6 0.1 1
208.56 0.1 1
214.43 0.1 1
218.43 0.1 1
224.26 0.1 1
228.3 0.1 1
238.32 0.1 1
244.09 0.1 1
246.22 0.1 1
250.11 0.1 1
257.99 0.1 1
260.11 0.1 1
262.06 0.1 1
264.06 0.1 1
266.1 0.1 1
270.06 0.1 1
274.03 0.1 1
276.03 0.1 1
279.8 0.1 1
285.82 0.1 1
289.79 0.1 1
295.82 0.1 1
297.81 0.1 1
299.69 0.1 1
301.71 0.1 1
303.81 0.1 1
305.68 0.1 1
307.61 0.1 1
309.56 0.1 1
325.62 0.1 1
327.48 0.1 1
331.49 0.1 1
333.5 0.1 1
337.34 0.1 1
341.39 0.1 1
349.29 0.1 1
355.19 0.1 1
359.26 0.1 1
361.33 0.1 1
363.21 0.1 1
365.3 0.1 1
371.1 0.1 1
375.2 0.1 1
377.12 0.1 1
385.11 0.1 1
392.93 0.1 1
395.08 0.1 1
401 0.1 1
403.01 0.1 1
410.78 0.1 1
412.78 0.1 1
414.77 0.1 1
424.65 0.1 1
426.74 0.1 1
438.61 0.1 1
440.58 0.1 1
442.51 0.1 1
446.61 0.1 1
448.63 0.1 1
458.55 0.1 1
462.48 0.1 1
466.37 0.1 1
468.4 0.1 1
474.44 0.1 1
480.29 0.1 1
482.27 0.1 1
484.32 0.1 1
486.34 0.1 1
492.18 0.1 1
494.1 0.1 1
496.15 0.1 1
500.08 0.1 1
504.2 0.1 1
