4.21 0.1 1
6.06 0.1 1
10.13 0.1 1
12.06 0.1 1
18.08 0.1 1
20.07 0.1 1
21.95 0.1 1
24.02 0.1 1
26.02 0.1 1
33.87 0.1 1
35.89 0.1 1
37.91 0.1 1
41.91 0.1 1
45.79 0.1 1
47.8 0.1 1
49.81 0.1 1
51.78 0.1 1
57.73 0.1 1
67.69 0.1 1
69.6 0.1 1
71.55 0.1 1
73.69 0.1 1
77.59 0.1 1
79.64 0.1 1
81.64 0.1 1
85.54 0.1 1
87.48 0.1 1
89.56 0.1 1
91.36 0.1 1
95.4 0.1 1
107.32 0.1 1
121.32 0.1 1
125.16 0.1 1
127.12 0.1 1
131.21 0.1 1
133.11 0.1 1
135.14 0.1 1
137.11 0.1 1
138.98 0.1 1
145.05 0.1 1
147.08 0.1 1
150.93 0.1 1
153.07 0.1 1
154.9 0.1 1
162.79 0.1 1
166.79 0.1 1
168.84 0.1 1
170.81 0.1 1
172.84 0.1 1
176.79 0.1 1
182.81 0.1 1
184.66 0.1 1
190.56 0.1 1
194.63 0.1 1
198.62 0.1 1
202.52 0.1 1
208.5 0.1 1
214.56 0.1 1
218.49 0.1 1
224.39 0.1 1
228.29 0.1 1
238.3 0.1 1
244.27 0.1 1
246.25 0.1 1
250.25 0.1 1
258.22 0.1 1
260.04 0.1 1
262.11 0.1 1
264.07 0.1 1
265.96 0.1 1
269.99 0.1 1
273.93 0.1 1
275.96 0.1 1
280.03 0.1 1
285.92 0.1 1
289.8 0.1 1
295.82 0.1 1
297.7 0.1 1
299.77 0.1 1
301.81 0.1 1
303.76 0.1 1
305.72 0.1 1
307.64 0.1 1
309.71 0.1 1
325.55 0.1 1
327.51 0.1 1
331.48 0.1 1
333.43 0.1 1
337.4 0.1 1
341.45 0.1 1
349.31 0.1 1
355.31 0.1 1
359.23 0.1 1
361.38 0.1 1
363.23 0.1 1
365.18 0.1 1
371.11 0.1 1
375.25 0.1 1
377.08 0.1 1
385.05 0.1 1
393.11 0.1 1
394.92 0.1 1
401.02 0.1 1
402.98 0.1 1
410.8 0.1 1
412.91 0.1 1
414.8 0.1 1
424.85 0.1 1
426.77 0.1 1
438.59 0.1 1
440.76 0.1 1
442.67 0.1 1
446.68 0.1 1
448.68 0.1 1
458.53 0.1 1
462.46 0.1 1
466.53 0.1 1
468.33 0.1 1
474.29 0.1 1
480.37 0.1 1
482.4 0.1 1
484.25 0.1 1
486.26 0.1 1
492.19 0.1 1
494.19 0.1 1
496.31 0.1 1
500.21 0.1 1
504.15 0.1 1
