4.23 0.1 1
6.27 0.1 1
10.22 0.1 1
12.1 0.1 1
18.05 0.1 1
20.05 0.1 1
22.09 0.1 1
24.07 0.1 1
25.97 0.1 1
33.86 0.1 1
35.93 0.1 1
37.95 0.1 1
41.93 0.1 1
45.95 0.1 1
47.81 0.1 1
49.87 0.1 1
51.82 0.1 1
57.84 0.1 1
67.59 0.1 1
69.72 0.1 1
71.72 0.1 1
73.69 0.1 1
77.64 0.1 1
79.64 0.1 1
81.51 0.1 1
85.44 0.1 1
87.43 0.1 1
89.45 0.1 1
91.45 0.1 1
95.4 0.1 1
107.34 0.1 1
121.12 0.1 1
125.28 0.1 1
127.23 0.1 1
131.25 0.1 1
133.13 0.1 1
135.13 0.1 1
137.01 0.1 1
139.13 0.1 1
145.12 0.1 1
147.07 0.1 1
150.94 0.1 1
153.02 0.1 1
155 0.1 1
162.81 0.1 1
166.87 0.1 1
168.88 0.1 1
170.89 0.1 1
172.88 0.1 1
176.68 0.1 1
182.76 0.1 1
184.68 0.1 1
190.57 0.1 1
194.55 0.1 1
198.5 0.1 1
202.65 0.1 1
208.46 0.1 1
214.49 0.1 1
218.46 0.1 1
224.33 0.1 1
228.43 0.1 1
238.38 0.1 1
244.22 0.1 1
246.2 0.1 1
250.19 0.1 1
258.16 0.1 1
260.04 0.1 1
262.12 0.1 1
264.18 0.1 1
266.13 0.1 1
270.1 0.1 1
273.95 0.1 1
276.06 0.1 1
280.01 0.1 1
285.93 0.1 1
289.92 0.1 1
295.79 0.1 1
297.74 0.1 1
299.69 0.1 1
301.76 0.1 1
303.82 0.1 1
305.82 0.1 1
307.77 0.1 1
309.68 0.1 1
325.68 0.1 1
327.51 0.1 1
331.5 0.1 1
333.53 0.1 1
337.44 0.1 1
341.49 0.1 1
349.47 0.1 1
355.26 0.1 1
359.36 0.1 1
361.34 0.1 1
363.19 0.1 1
365.23 0.1 1
371.15 0.1 1
375.1 0.1 1
377.23 0.1 1
385.09 0.1 1
393.09 0.1 1
395.09 0.1 1
400.89 0.1 1
403.03 0.1 1
410.89 0.1 1
412.78 0.1 1
414.9 0.1 1
424.68 0.1 1
426.65 0.1 1
438.74 0.1 1
440.66 0.1 1
442.64 0.1 1
446.59 0.1 1
448.61 0.1 1
458.43 0.1 1
462.41 0.1 1
466.48 0.1 1
468.42 0.1 1
474.47 0.1 1
480.27 0.1 1
482.32 0.1 1
484.32 0.1 1
486.22 0.1 1
492.17 0.1 1
494.24 0.1 1
496.11 0.1 1
500.14 0.1 1
504.08 0.1 1
