4.12 0.1 1
6.12 0.1 1
10.19 0.1 1
12.19 0.1 1
18.16 0.1 1
20.11 0.1 1
21.96 0.1 1
23.97 0.1 1
26.09 0.1 1
34.01 0.1 1
35.91 0.1 1
38.01 0.1 1
41.93 0.1 1
45.8 0.1 1
47.92 0.1 1
49.75 0.1 1
51.83 0.1 1
57.75 0.1 1
67.77 0.1 1
69.74 0.1 1
71.71 0.1 1
73.61 0.1 1
77.59 0.1 1
79.63 0.1 1
81.51 0.1 1
85.53 0.1 1
87.43 0.1 1
89.6 0.1 1
91.58 0.1 1
95.45 0.1 1
107.32 0.1 1
121.28 0.1 1
125.29 0.1 1
127.16 0.1 1
131.25 0.1 1
133.06 0.1 1
135.08 0.1 1
137.22 0.1 1
139.05 0.1 1
145.05 0.1 1
147.1 0.1 1
151.09 0.1 1
152.92 0.1 1
155.06 0.1 1
162.82 0.1 1
166.88 0.1 1
168.89 0.1 1
170.81 0.1 1
172.81 0.1 1
176.8 0.1 1
182.81 0.1 1
184.75 0.1 1
190.63 0.1 1
194.72 0.1 1
198.72 0.1 1
202.59 0.1 1
208.64 0.1 1
214.44 0.1 1
218.44 0.1 1
224.48 0.1 1
228.4 0.1 1
238.38 0.1 1
244.27 0.1 1
246.21 0.1 1
250.26 0.1 1
258.19 0.1 1
260.08 0.1 1
262.01 0.1 1
264.01 0.1 1
266.03 0.1 1
269.96 0.1 1
274 0.1 1
276.02 0.1 1
279.97 0.1 1
285.99 0.1 1
289.85 0.1 1
295.91 0.1 1
297.87 0.1 1
299.86 0.1 1
301.73 0.1 1
303.73 0.1 1
305.68 0.1 1
307.66 0.1 1
309.63 0.1 1
325.55 0.1 1
327.55 0.1 1
331.62 0.1 1
333.44 0.1 1
337.4 0.1 1
341.42 0.1 1
349.48 0.1 1
355.41 0.1 1
359.4 0.1 1
361.28 0.1 1
363.35 0.1 1
365.21 0.1 1
371.18 0.1 1
375.29 0.1 1
377.19 0.1 1
385.11 0.1 1
393.14 0.1 1
395.06 0.1 1
401.05 0.1 1
402.98 0.1 1
410.81 0.1 1
412.98 0.1 1
414.83 0.1 1
424.89 0.1 1
426.69 0.1 1
438.61 0.1 1
440.63 0.1 1
442.74 0.1 1
446.73 0.1 1
448.63 0.1 1
458.43 0.1 1
462.45 0.1 1
466.42 0.1 1
468.4 0.1 1
474.32 0.1 1
480.31 0.1 1
482.36 0.1 1
484.27 0.1 1
486.33 0.1 1
492.25 0.1 1
494.16 0.1 1
496.16 0.1 1
500.1 0.1 1
504.22 0.1 1
