4.063
6.048
10.069
12.071
18.027
19.928
22.031
23.999
25.951
33.876
35.661
37.73
41.767
45.554
47.539
49.475
51.56
57.566
67.292
69.361
71.263
73.382
77.202
79.204
81.273
85.044
87.179
89.164
91.083
94.903
106.949
120.712
124.633
126.718
130.656
132.674
134.593
136.545
138.564
144.403
146.505
150.476
152.428
154.246
162.354
166.158
168.093
170.145
172.064
176.034
181.957
183.959
189.848
193.836
197.756
201.71
207.683
213.755
217.709
223.499
227.452
237.362
243.368
245.404
249.274
257.115
259.134
261.069
263.171
265.073
269.077
273.048
274.967
278.804
284.943
288.747
294.836
296.705
298.607
300.576
302.611
304.58
306.582
308.55
324.433
326.285
330.405
332.207
336.128
340.182
348.156
353.979
358
359.985
361.87
363.822
369.811
373.782
375.867
383.692
391.516
393.669
399.441
401.526
409.518
411.386
413.288
423.331
425.133
437.029
439.031
441.016
445.037
446.938
456.948
460.886
464.84
466.842
472.748
478.67
480.622
482.691
484.643
490.582
492.534
494.352
498.306
502.244
