4.211
6.212
10.13
12.031
18.05
20.017
21.968
24.069
26.069
33.855
35.956
37.957
41.792
45.943
47.86
49.911
51.862
57.847
67.701
69.752
71.569
73.603
77.538
79.555
81.556
85.457
87.458
89.475
91.526
95.511
107.365
121.27
125.172
127.189
131.124
133.158
135.159
137.126
139.11
145.045
147.046
151.064
152.882
154.966
162.885
166.82
168.721
170.855
172.872
176.774
182.692
184.676
190.729
194.613
198.648
202.516
208.418
214.404
218.439
224.441
228.275
238.329
244.248
246.265
250.067
258.12
260.137
262.154
264.122
266.022
269.89
273.858
275.893
279.911
285.896
289.764
295.733
297.667
299.751
301.652
303.653
305.603
307.654
309.588
325.46
327.578
331.413
333.397
337.381
341.5
349.386
355.288
359.206
361.173
363.157
365.141
371.244
375.112
377.029
385.065
393.101
394.985
400.954
402.972
410.824
412.859
414.793
424.679
426.814
438.568
440.602
442.703
446.654
448.638
458.575
462.526
466.328
468.495
474.381
480.266
482.183
484.201
486.285
492.254
494.188
496.122
500.09
504.091
