4.123
6.09
10.108
12.226
18.178
20.045
22.079
24.08
25.931
34.017
36.018
37.852
41.87
45.955
47.789
49.806
51.874
57.742
67.613
69.73
71.664
73.632
77.666
79.517
81.534
85.503
87.553
89.487
91.538
95.356
107.394
121.299
125.234
127.118
131.152
133.137
135.204
137.038
139.139
144.991
146.975
151.076
153.027
154.861
162.864
166.849
168.833
170.784
172.801
176.719
182.805
184.722
190.674
194.659
198.56
202.462
208.547
214.366
218.351
224.32
228.355
238.325
244.194
246.144
250.079
258.199
260.116
262.084
264.118
266.018
270.053
274.021
275.905
279.923
285.909
289.827
295.829
297.747
299.714
301.815
303.715
305.799
307.75
309.784
325.623
327.541
331.542
333.593
337.461
341.429
349.349
355.401
359.369
361.27
363.254
365.188
371.107
375.058
377.059
385.045
392.931
394.915
400.917
402.902
410.888
412.822
414.823
424.826
426.76
438.731
440.649
442.666
446.501
448.552
458.488
462.357
466.508
468.492
474.361
480.396
482.23
484.214
486.282
492.251
494.268
496.119
500.154
504.055
