4.212
6.179
10.08
12.098
18.017
20.034
21.985
24.069
26.086
33.923
35.99
37.941
41.876
45.877
47.778
49.862
51.88
57.849
67.619
69.653
71.554
73.704
77.506
79.507
81.457
85.492
87.526
89.477
91.545
95.513
107.417
121.156
125.091
127.275
131.043
133.11
135.011
136.995
139.012
145.015
146.915
151.05
152.868
154.852
162.888
166.856
168.924
170.874
172.759
176.71
182.779
184.646
190.765
194.55
198.635
202.453
208.489
214.524
218.426
224.428
228.363
238.217
244.169
246.22
250.171
258.107
260.075
262.076
264.093
265.927
270.029
273.93
275.981
279.949
285.951
289.719
295.855
297.789
299.79
301.824
303.741
305.592
307.743
309.643
325.566
327.484
331.502
333.436
337.371
341.422
349.325
355.311
359.229
361.213
363.297
365.148
371.05
375.152
377.002
384.939
393.042
395.042
400.911
402.829
410.748
412.716
414.817
424.637
426.754
438.509
440.693
442.66
446.562
448.529
458.466
462.501
466.369
468.42
474.422
480.208
482.359
484.243
486.21
492.146
494.13
496.097
500.065
504.017
