4.185
6.202
10.037
12.104
18.14
20.124
22.141
23.942
25.909
34.012
35.963
37.997
41.781
45.766
47.867
49.834
51.868
57.77
67.574
69.575
71.659
73.56
77.528
79.612
81.612
85.497
87.581
89.465
91.366
95.384
107.405
121.243
125.178
127.145
131.214
133.081
135.215
137.099
139.1
145.035
146.969
150.954
152.905
154.855
162.792
166.91
168.844
170.861
172.712
176.68
182.682
184.583
190.618
194.686
198.571
202.539
208.541
214.46
218.478
224.314
228.315
238.352
244.238
246.088
250.223
258.176
260.06
262.061
263.945
265.912
269.913
273.982
275.999
279.917
285.819
289.754
295.739
297.723
299.758
301.758
303.792
305.76
307.61
309.561
325.483
327.551
331.519
333.386
337.471
341.406
349.209
355.328
359.179
361.163
363.23
365.098
371.133
375.035
377.069
385.072
392.991
394.925
400.994
402.878
410.831
412.798
414.682
424.803
426.653
438.624
440.575
442.459
446.427
448.478
458.515
462.416
466.451
468.402
474.354
480.222
482.307
484.291
486.108
492.143
494.244
496.145
500.113
504.131
