4.079
6.197
10.198
12.216
17.968
20.035
21.986
24.07
26.071
34.007
35.991
37.842
41.926
45.895
47.779
49.713
51.813
57.832
67.753
69.753
71.604
73.688
77.523
79.54
81.458
85.476
87.51
89.561
91.528
95.329
107.284
121.122
125.157
127.191
131.043
133.16
135.044
137.128
138.945
144.948
146.998
150.916
153.034
154.968
162.854
166.822
168.906
170.79
172.725
176.826
182.645
184.762
190.698
194.699
198.534
202.535
208.471
214.473
218.458
224.46
228.278
238.349
244.217
246.235
250.236
257.989
260.107
262.107
264.025
265.925
270.027
274.028
275.862
279.864
285.916
289.934
295.703
297.67
299.705
301.689
303.773
305.69
307.657
309.592
325.647
327.448
331.433
333.517
337.418
341.487
349.323
355.308
359.343
361.327
363.261
365.229
371.181
375.199
377.033
385.069
392.939
395.006
400.825
402.859
410.862
412.83
414.764
424.751
426.685
438.589
440.606
442.574
446.475
448.626
458.53
462.364
466.416
468.3
474.369
480.338
482.305
484.239
486.257
492.159
494.109
496.177
500.145
504.146
