4.214
6.198
10.166
12.017
18.152
20.07
21.937
23.971
26.105
33.891
35.859
37.826
41.928
45.846
47.93
49.797
51.831
57.817
67.603
69.654
71.688
73.689
77.49
79.558
81.592
85.543
87.461
89.478
91.479
95.363
107.434
121.156
125.224
127.075
131.21
133.144
135.011
137.128
139.079
144.948
146.915
150.883
152.934
154.918
162.838
166.856
168.806
170.907
172.775
176.809
182.678
184.779
190.748
194.599
198.517
202.602
208.604
214.456
218.474
224.31
228.345
238.365
244.234
246.201
250.086
258.055
260.073
262.007
264.024
265.975
270.01
273.944
276.045
280.013
285.915
289.833
295.885
297.703
299.687
301.738
303.705
305.689
307.706
309.674
325.529
327.497
331.432
333.449
337.5
341.468
349.305
355.357
359.308
361.292
363.276
365.21
371.162
375.081
377.098
385.034
393.087
394.888
400.823
402.941
410.743
412.744
414.862
424.715
426.732
438.687
440.554
442.521
446.473
448.59
458.377
462.462
466.48
468.281
474.366
480.202
482.252
484.203
486.237
492.206
494.04
496.174
500.092
504.094
