4.086
6.204
10.072
12.189
18.158
20.126
22.093
23.994
26.061
33.881
35.948
37.832
41.884
45.802
47.886
49.77
51.687
57.739
67.576
69.677
71.678
73.578
77.497
79.547
81.481
85.483
87.367
89.351
91.485
95.386
107.291
121.129
125.264
127.248
131.05
133.184
135.068
137.068
139.119
145.005
147.005
150.974
152.958
154.908
162.811
166.896
168.763
170.864
172.865
176.683
182.769
184.619
190.555
194.606
198.508
202.576
208.428
214.447
218.382
224.35
228.335
238.172
244.274
246.208
250.227
258.179
260.114
262.064
264.132
265.916
269.95
273.885
275.836
279.904
285.923
289.791
295.793
297.677
299.678
301.695
303.596
305.714
307.748
309.732
325.588
327.422
331.456
333.49
337.392
341.343
349.263
355.182
359.3
361.234
363.201
365.152
371.054
375.089
377.106
385.043
392.962
394.98
400.932
402.933
410.835
412.903
414.72
424.807
426.741
438.646
440.68
442.547
446.632
448.466
458.47
462.371
466.289
468.307
474.225
480.178
482.362
484.146
486.146
492.115
494.233
496.2
500.068
503.986
