48.689
50.634
54.633
56.472
62.389
64.348
66.428
68.453
70.359
78.222
80.262
82.301
86.099
90.137
92.096
94.042
96.135
102.025
111.874
113.9
115.819
117.765
121.724
123.736
125.695
129.573
131.559
133.532
135.451
139.582
151.284
165.091
169.01
171.089
174.954
177.046
178.939
180.938
182.884
188.868
190.787
194.838
196.704
198.637
206.647
210.458
212.431
214.403
216.402
220.521
226.318
228.344
234.261
238.18
242.138
246.123
252.08
257.891
261.849
267.767
271.818
281.601
287.438
289.544
293.556
301.445
303.325
305.31
307.296
309.309
313.227
317.279
319.158
323.116
329.02
332.965
338.856
340.948
342.947
344.787
346.772
348.852
350.851
352.823
368.616
370.536
374.467
376.373
380.451
384.383
392.286
398.07
402.082
403.974
406.08
408.053
413.877
417.928
419.941
427.817
435.707
437.72
443.624
445.543
453.526
455.392
457.418
467.147
469.159
480.981
482.94
485.019
488.884
490.91
500.812
504.731
508.755
510.661
516.645
522.563
524.429
526.574
528.4
534.398
536.317
538.316
542.248
546.166
