4.079
6.196
10.031
12.082
18.151
20.085
21.936
24.02
25.92
33.857
35.907
37.891
41.876
45.744
47.728
49.712
51.696
57.815
67.619
69.736
71.554
73.554
77.489
79.49
81.507
85.492
87.543
89.477
91.561
95.346
107.417
121.205
125.207
127.141
131.059
133.143
134.993
137.061
139.145
144.947
146.964
150.899
153.033
155.017
162.787
166.888
168.739
170.706
172.841
176.659
182.644
184.645
190.597
194.649
198.583
202.451
208.604
214.356
218.357
224.426
228.444
238.281
244.267
246.251
250.219
258.172
260.156
262.056
264.041
266.058
269.893
273.844
275.945
279.83
285.915
289.783
295.769
297.669
299.82
301.738
303.672
305.639
307.59
309.724
325.596
327.43
331.482
333.366
337.384
341.435
349.288
355.24
359.192
361.293
363.193
365.244
371.096
375.164
377.065
384.951
392.921
394.988
400.857
402.958
410.877
412.811
414.695
424.782
426.716
438.504
440.488
442.522
446.457
448.558
458.428
462.38
466.314
468.348
474.2
480.286
482.203
484.154
486.222
492.207
494.091
496.058
500.11
504.061
