4.088
6.255
10.157
12.224
18.126
20.027
22.044
23.978
26.079
33.965
35.849
37.967
41.851
45.803
47.753
49.737
51.788
57.707
67.677
69.628
71.729
73.563
77.581
79.648
81.549
85.6
87.518
89.502
91.402
95.354
107.392
121.313
125.081
127.182
131.217
133.084
135.002
137.069
139.036
145.022
147.006
151.041
153.008
154.909
162.845
166.88
168.864
170.714
172.698
176.767
182.585
184.619
190.672
194.473
198.474
202.543
208.461
214.447
218.398
224.234
228.385
238.139
244.124
246.142
250.026
258.046
260.013
262.131
264.031
265.949
269.867
274.018
275.819
279.904
285.756
289.874
295.709
297.71
299.644
301.595
303.662
305.696
307.564
309.531
325.403
327.571
331.522
333.456
337.308
341.443
349.362
355.198
359.199
361.133
363.267
365.151
371.17
375.055
377.055
385.008
392.928
394.912
400.914
402.915
410.901
412.818
414.702
424.723
426.657
438.644
440.628
442.529
446.547
448.414
458.468
462.369
466.438
468.305
474.324
480.276
482.277
484.244
486.261
492.23
494.131
496.148
500.066
503.951
