4.204
6.156
10.193
12.145
18.035
20.053
21.989
23.941
25.842
33.7
35.869
37.805
41.742
45.679
47.665
49.633
51.518
57.491
67.318
69.303
71.389
73.224
77.361
79.18
81.232
85.069
87.171
88.99
91.142
94.946
106.975
120.772
124.809
126.678
130.699
132.634
134.536
136.488
138.473
144.379
146.481
150.369
152.387
154.306
162.247
166.185
168.12
170.089
172.174
176.078
181.951
184.003
189.842
193.863
197.883
201.754
207.76
213.766
217.687
223.643
227.447
237.373
243.296
245.365
249.352
257.177
259.212
261.147
263.016
265.135
268.939
272.976
274.928
278.932
284.838
288.825
294.781
296.7
298.785
300.671
302.673
304.625
306.51
308.462
324.461
326.297
330.301
332.303
336.257
340.127
348.019
354.091
358.062
359.931
361.983
363.885
369.891
373.795
375.797
383.638
391.646
393.531
399.554
401.489
409.397
411.333
413.368
423.245
425.18
437.092
439.111
440.979
445.084
446.969
456.912
460.866
464.87
466.739
472.828
478.601
480.736
482.672
484.624
490.446
492.482
494.434
498.438
502.275
