4.183
6.15
10.118
12.086
17.971
19.988
22.073
23.957
26.041
33.994
35.844
37.912
41.863
45.948
47.832
49.799
51.883
57.852
67.739
69.573
71.574
73.558
77.659
79.677
81.628
85.546
87.53
89.53
91.431
95.516
107.404
121.225
125.127
127.278
131.079
133.213
135.097
137.048
139.065
144.951
146.918
151.003
152.887
154.838
162.824
166.842
168.809
170.777
172.677
176.812
182.698
184.682
190.601
194.702
198.554
202.455
208.39
214.343
218.461
224.396
228.248
238.268
244.287
246.221
250.156
258.142
260.093
262.06
264.111
266.061
269.88
274.014
275.865
279.866
285.902
289.787
295.806
297.756
299.657
301.658
303.775
305.593
307.61
309.627
325.616
327.484
331.552
333.519
337.487
341.322
349.258
355.244
359.212
361.146
363.147
365.131
371.15
375.085
377.085
384.988
392.908
394.842
400.861
402.845
410.831
412.848
414.816
424.736
426.57
438.658
440.558
442.642
446.494
448.411
458.465
462.283
466.301
468.419
474.371
480.156
482.157
484.158
486.225
492.077
494.111
496.079
500.08
503.965
