4.175
6.259
10.211
12.045
17.997
20.048
22.132
24.099
26.083
34.036
35.937
37.921
41.905
45.824
47.841
49.908
51.709
57.795
67.665
69.649
71.583
73.634
77.602
79.669
81.487
85.555
87.422
89.523
91.507
95.375
107.396
121.268
125.286
127.187
131.055
133.072
135.173
137.157
139.007
144.96
147.077
151.012
152.879
154.963
162.9
166.784
168.852
170.902
172.853
176.755
182.773
184.707
190.76
194.678
198.529
202.497
208.516
214.568
218.503
224.472
228.273
238.244
244.296
246.28
250.115
258.151
260.185
262.069
263.986
265.97
270.089
273.907
275.957
280.042
285.961
289.929
295.898
297.682
299.849
301.683
303.751
305.785
307.769
309.736
325.642
327.626
331.561
333.578
337.546
341.348
349.334
355.236
359.204
361.238
363.189
365.323
371.142
375.127
377.077
385.114
393
394.967
401.02
402.887
410.94
412.924
414.891
424.795
426.812
438.7
440.634
442.568
446.686
448.47
458.507
462.492
466.493
468.344
474.313
480.265
482.399
484.316
486.167
492.186
494.22
496.104
500.089
504.207
