4.077
6.245
10.196
12.114
18.099
19.966
22.017
24.051
25.935
34.005
36.006
38.006
41.808
45.826
47.76
49.877
51.895
57.713
67.734
69.618
71.535
73.719
77.521
79.538
81.555
85.44
87.441
89.408
91.392
95.344
107.448
121.237
125.188
127.272
131.24
133.124
135.108
137.109
139.176
145.079
146.946
150.881
152.931
154.932
162.952
166.786
168.937
170.755
172.739
176.69
182.626
184.626
190.662
194.613
198.665
202.616
208.502
214.454
218.372
224.374
228.326
238.329
244.115
246.165
250.267
258.17
260.02
262.155
264.055
266.073
270.057
273.942
276.01
279.911
285.947
289.765
295.833
297.801
299.818
301.852
303.67
305.67
307.654
309.588
325.611
327.495
331.596
333.464
337.399
341.383
349.403
355.222
359.207
361.374
363.358
365.309
371.211
375.162
377.213
384.999
392.919
395.07
400.972
402.989
410.809
412.809
414.877
424.664
426.848
438.719
440.619
442.57
446.672
448.472
458.509
462.444
466.329
468.513
474.348
480.301
482.385
484.302
486.336
492.322
494.156
496.206
500.074
504.176
