4.174
6.108
10.11
12.194
18.163
20.047
22.081
24.115
25.982
33.969
35.919
37.904
41.888
45.956
47.824
49.741
51.709
57.711
67.598
69.749
71.699
73.533
77.501
79.619
81.486
85.538
87.605
89.539
91.457
95.525
107.446
121.351
125.152
127.103
131.188
133.072
135.023
137.19
139.024
145.043
147.127
151.028
153.013
154.93
162.966
166.768
168.802
170.786
172.903
176.705
182.723
184.707
190.76
194.694
198.529
202.481
208.516
214.452
218.353
224.372
228.307
238.244
244.163
246.18
250.232
258.201
260.185
262.119
264.137
266.104
270.072
274.024
275.941
280.009
285.945
289.779
295.765
297.782
299.733
301.7
303.701
305.602
307.603
309.62
325.526
327.46
331.495
333.429
337.547
341.515
349.301
355.304
359.355
361.172
363.173
365.257
371.159
375.194
377.162
385.148
393.084
395.085
401.037
403.004
410.874
412.925
414.809
424.779
426.696
438.684
440.718
442.669
446.537
448.504
458.441
462.393
466.444
468.295
474.447
480.199
482.2
484.168
486.285
492.104
494.238
496.272
500.24
504.158
