4.118
6.135
10.12
12.138
18.073
20.107
22.125
24.092
25.976
33.846
36.03
37.897
41.982
45.767
47.784
49.835
51.802
57.838
67.675
69.625
71.609
73.727
77.545
79.562
81.596
85.498
87.549
89.483
91.433
95.401
107.439
121.194
125.146
127.096
131.131
133.032
135.116
137.033
138.984
145.086
146.92
151.088
153.072
155.023
162.959
166.794
168.728
170.896
172.713
176.731
182.717
184.601
190.636
194.638
198.489
202.574
208.493
214.378
218.38
224.415
228.317
238.253
244.172
246.24
250.141
258.177
260.145
262.012
264.063
266.064
270.015
273.95
276.051
279.969
285.938
289.806
295.858
297.859
299.793
301.643
303.661
305.678
307.629
309.73
325.485
327.436
331.404
333.422
337.373
341.358
349.311
355.28
359.148
361.215
363.166
365.15
371.219
375.103
377.104
385.14
393.01
394.944
400.946
402.997
410.883
412.851
414.735
424.738
426.606
438.577
440.661
442.595
446.546
448.447
458.367
462.469
466.403
468.337
474.223
480.342
482.226
484.193
486.227
492.079
494.214
496.214
500.066
504.151
