4.273
6.224
10.059
12.21
18.145
20.062
22.096
24.014
26.048
33.934
35.901
37.969
41.854
45.805
47.772
49.74
51.874
57.726
67.73
69.664
71.714
73.665
77.566
79.534
81.501
85.603
87.537
89.537
91.571
95.373
107.277
121.249
125.184
127.218
131.269
133.12
135.07
137.138
139.155
145.074
147.091
151.076
153.077
155.061
162.947
166.849
168.899
170.75
172.784
176.852
182.771
184.755
190.674
194.642
198.527
202.495
208.53
214.482
218.55
224.403
228.404
238.258
244.26
246.16
250.279
258.215
260.049
262.066
264.167
265.984
270.052
274.054
275.938
279.839
285.991
289.776
295.812
297.696
299.88
301.78
303.664
305.732
307.749
309.633
325.656
327.573
331.441
333.458
337.427
341.461
349.448
355.4
359.201
361.352
363.203
365.203
371.122
375.19
377.158
384.977
392.947
394.897
400.916
402.867
410.836
412.92
414.921
424.675
426.725
438.746
440.647
442.631
446.582
448.617
458.387
462.438
466.323
468.34
474.343
480.378
482.395
484.263
486.313
492.266
494.133
496.184
500.252
504.203
