4.272
6.106
10.041
12.125
18.16
20.078
22.045
23.996
26.013
33.849
36.017
37.951
41.869
45.954
47.921
49.922
51.756
57.675
67.645
69.662
71.646
73.714
77.548
79.566
81.667
85.451
87.485
89.453
91.42
95.405
107.409
121.264
125.232
127.25
131.118
133.085
135.119
137.153
139.171
145.056
146.94
150.925
152.892
154.926
162.946
166.947
168.731
170.732
172.883
176.651
182.619
184.62
190.706
194.607
198.592
202.51
208.562
214.331
218.449
224.334
228.319
238.34
244.242
246.076
250.16
257.997
259.964
261.948
263.999
265.949
269.918
274.002
276.02
279.904
285.873
289.741
295.794
297.811
299.845
301.712
303.78
305.664
307.781
309.682
325.538
327.505
331.39
333.507
337.492
341.477
349.279
355.265
359.25
361.317
363.251
365.202
371.237
375.072
377.189
385.142
392.895
395.079
400.865
403.015
410.818
412.902
414.72
424.74
426.641
438.645
440.596
442.58
446.664
448.565
458.469
462.47
466.322
468.456
474.308
480.227
482.377
484.261
486.162
492.147
494.115
496.182
500.084
504.168
