4.279
6.18
10.198
12.165
18.134
19.985
21.952
24.069
26.003
33.906
35.907
37.908
41.809
45.777
47.895
49.879
51.696
57.815
67.768
69.702
71.553
73.637
77.639
79.589
81.507
85.541
87.559
89.593
91.394
95.345
107.416
121.188
125.122
127.256
131.058
133.075
135.176
137.077
139.094
144.963
147.114
151.015
152.949
154.9
162.819
166.871
168.821
170.722
172.906
176.708
182.793
184.777
190.596
194.714
198.599
202.617
208.602
214.488
218.439
224.458
228.359
238.23
244.265
246.149
250.134
258.037
260.054
262.122
264.056
266.006
270.091
273.976
275.96
279.828
285.93
289.898
295.75
297.768
299.735
301.702
303.703
305.787
307.705
309.689
325.494
327.495
331.546
333.514
337.432
341.333
349.353
355.272
359.373
361.207
363.291
365.142
371.127
375.229
377.163
384.999
392.985
394.919
401.005
402.989
410.958
412.876
414.943
424.83
426.797
438.718
440.586
442.603
446.571
448.539
458.525
462.494
466.495
468.379
474.348
480.367
482.234
484.251
486.169
492.321
494.122
496.122
500.09
504.209
