4.247
6.131
10.032
12.133
18.135
20.003
22.103
23.954
26.005
33.874
35.992
37.909
41.794
45.912
47.913
49.847
51.731
57.65
67.637
69.704
71.688
73.706
77.674
79.525
81.459
85.543
87.494
89.545
91.529
95.364
107.302
121.323
125.308
127.125
131.177
133.044
135.028
137.179
138.997
144.982
147.066
150.968
153.002
155.052
162.989
166.873
168.874
170.758
172.876
176.827
182.679
184.797
190.666
194.7
198.568
202.603
208.505
214.591
218.559
224.445
228.463
238.25
244.235
246.186
250.188
258.207
260.041
262.192
264.143
266.16
270.062
273.93
275.93
279.999
285.834
289.969
295.938
297.755
299.772
301.823
303.841
305.858
307.692
309.626
325.582
327.633
331.501
333.552
337.536
341.555
349.507
355.293
359.261
361.329
363.196
365.263
371.332
375.167
377.134
385.204
392.974
395.074
401.026
403.027
410.88
412.898
414.815
424.719
426.819
438.74
440.641
442.575
446.627
448.577
458.481
462.466
466.517
468.518
474.304
480.239
482.34
484.357
486.375
492.31
494.244
496.245
500.263
504.148
