4.109
6.276
10.228
12.079
18.114
20.115
22.099
23.95
25.95
34.02
35.921
37.972
41.923
45.824
47.775
49.743
51.86
57.812
67.616
69.683
71.584
73.618
77.653
79.537
81.554
85.639
87.556
89.574
91.408
95.443
107.397
121.219
125.304
127.104
131.106
133.24
135.141
137.075
139.026
145.061
146.962
151.03
152.914
154.948
162.934
166.886
168.836
170.821
172.855
176.773
182.675
184.759
190.595
194.546
198.681
202.532
208.534
214.437
218.522
224.44
228.442
238.245
244.114
246.248
250.183
258.036
260.17
262.088
264.072
266.056
270.074
273.942
275.926
279.844
285.93
289.931
295.883
297.684
299.835
301.686
303.736
305.77
307.754
309.722
325.528
327.595
331.447
333.547
337.465
341.417
349.336
355.355
359.257
361.324
363.175
365.109
371.261
375.063
377.213
385.133
393.003
395.02
400.822
402.856
410.909
412.843
414.727
424.748
426.715
438.703
440.637
442.537
446.539
448.623
458.393
462.462
466.43
468.297
474.433
480.235
482.302
484.186
486.304
492.139
494.173
496.191
500.075
504.144
