4.292
6.159
10.144
12.145
18.164
20.081
21.998
24.116
26.117
34.019
35.92
37.904
41.906
45.824
47.874
49.825
51.859
57.778
67.698
69.649
71.55
73.65
77.552
79.602
81.503
85.471
87.605
89.573
91.44
95.425
107.446
121.251
125.286
127.136
131.171
133.105
135.139
137.123
139.024
145.143
147.01
150.928
152.912
155.013
162.932
166.8
168.784
170.835
172.786
176.904
182.823
184.824
190.792
194.727
198.612
202.513
208.632
214.551
218.486
224.471
228.406
238.259
244.278
246.229
250.297
258.233
260.067
262.068
264.169
265.986
270.004
274.022
275.956
280.075
285.893
289.961
295.914
297.814
299.765
301.716
303.883
305.717
307.768
309.668
325.574
327.508
331.61
333.494
337.612
341.58
349.499
355.285
359.42
361.42
363.388
365.355
371.324
375.125
377.243
385.196
392.965
395.116
401.018
403.085
410.955
412.889
414.923
424.877
426.861
438.682
440.649
442.683
446.701
448.535
458.639
462.407
466.391
468.526
474.494
480.263
482.397
484.231
486.399
492.267
494.302
496.202
500.237
504.155
