4.291
6.158
10.21
12.161
18.096
19.98
21.964
24.065
26.099
33.952
35.969
37.82
41.821
45.923
47.923
49.724
51.841
57.844
67.664
69.664
71.632
73.583
77.517
79.685
81.602
85.587
87.604
89.505
91.406
95.54
107.461
121.2
125.218
127.285
131.186
133.17
135.171
137.105
139.106
145.091
147.009
151.044
152.978
154.995
162.981
166.983
168.817
170.884
172.835
176.903
182.755
184.822
190.658
194.709
198.544
202.495
208.581
214.466
218.501
224.403
228.471
238.275
244.343
246.194
250.179
258.198
260.166
262.05
264.067
266.085
270.036
273.954
276.105
279.923
285.958
289.926
295.779
297.829
299.913
301.897
303.815
305.865
307.733
309.8
325.689
327.523
331.541
333.459
337.46
341.445
349.431
355.35
359.235
361.235
363.353
365.27
371.322
375.24
377.108
385.16
392.98
395.114
400.916
402.883
410.853
412.887
414.804
424.758
426.775
438.713
440.614
442.731
446.549
448.65
458.47
462.555
466.406
468.524
474.409
480.378
482.412
484.313
486.23
492.232
494.333
496.15
500.285
504.186
