4.219
6.087
10.121
12.139
18.024
19.975
22.092
24.027
25.944
33.997
35.914
37.832
41.866
45.918
47.852
49.719
51.703
57.805
67.742
69.576
71.611
73.578
77.563
79.68
81.464
85.599
87.483
89.417
91.434
95.336
107.307
121.212
125.097
127.264
131.132
133.233
135.217
137.001
139.152
144.987
147.021
151.073
152.924
154.908
162.777
166.795
168.846
170.847
172.781
176.849
182.734
184.652
190.754
194.722
198.524
202.525
208.594
214.496
218.364
224.283
228.418
238.171
244.14
246.158
250.142
258.012
260.029
262.047
263.947
265.998
270.016
273.918
276.035
279.887
285.772
289.84
295.842
297.676
299.644
301.728
303.779
305.613
307.613
309.764
325.587
327.471
331.539
333.523
337.491
341.492
349.445
355.197
359.332
361.283
363.15
365.234
371.12
375.055
377.189
385.142
393.011
394.912
400.881
402.965
410.884
412.785
414.869
424.773
426.623
438.694
440.712
442.596
446.531
448.515
458.568
462.37
466.321
468.355
474.374
480.31
482.244
484.161
486.262
492.264
494.131
496.065
500.234
504.185
