4.144
6.161
10.062
12.213
18.132
20.033
21.967
23.951
25.951
33.921
35.972
37.872
41.79
45.859
47.876
49.86
51.811
57.663
67.733
69.734
71.701
73.568
77.537
79.521
81.505
85.589
87.54
89.407
91.442
95.46
107.331
121.152
125.22
127.254
131.273
133.223
135.207
137.208
139.059
144.994
147.128
150.996
153.08
155.014
162.884
166.835
168.919
170.92
172.754
176.839
182.658
184.808
190.777
194.579
198.663
202.565
208.617
214.519
218.404
224.506
228.474
238.294
244.246
246.18
250.265
258.218
260.185
262.053
264.154
266.088
270.022
274.007
276.041
279.976
285.828
289.913
295.798
297.816
299.833
301.784
303.701
305.835
307.686
309.77
325.559
327.593
331.611
333.478
337.497
341.348
349.418
355.37
359.271
361.355
363.172
365.14
371.159
375.227
377.111
385.03
393.05
394.884
400.903
402.87
410.906
412.74
414.924
424.795
426.812
438.633
440.534
442.534
446.669
448.52
458.373
462.508
466.426
468.394
474.246
480.198
482.215
484.299
486.2
492.085
494.186
496.054
500.088
504.09
