4.24
6.074
10.075
12.076
18.145
19.962
22.146
24.08
25.981
33.951
35.918
38.019
41.87
45.888
47.772
49.89
51.841
57.743
67.58
69.731
71.715
73.582
77.55
79.634
81.602
85.487
87.554
89.405
91.539
95.39
107.378
121.3
125.201
127.135
131.237
133.154
135.038
137.223
139.023
144.992
147.076
150.944
153.062
154.963
162.916
166.917
168.834
170.785
172.869
176.737
182.673
184.79
190.659
194.711
198.546
202.58
208.566
214.535
218.42
224.355
228.357
238.26
244.346
246.33
250.131
258.068
260.069
262.036
264.137
266.121
269.956
274.024
276.091
279.959
285.861
289.98
295.932
297.866
299.8
301.801
303.752
305.686
307.636
309.67
325.626
327.594
331.479
333.563
337.381
341.499
349.285
355.271
359.289
361.19
363.24
365.291
371.127
375.195
377.212
385.132
393.035
394.969
401.038
403.039
410.975
412.892
414.843
424.78
426.697
438.635
440.719
442.57
446.588
448.606
458.509
462.578
466.546
468.48
474.282
480.351
482.268
484.319
486.186
492.289
494.256
496.29
500.075
504.226
