4.103
6.204
10.105
12.189
18.175
20.059
22.11
23.944
25.928
34.014
35.881
38.015
41.8
45.785
47.802
49.853
51.87
57.756
67.71
69.644
71.661
73.678
77.597
79.664
81.631
85.566
87.483
89.434
91.468
95.553
107.457
121.212
125.28
127.181
131.066
133.25
135.184
137.201
139.086
145.054
147.088
151.057
152.924
154.891
162.894
166.896
168.78
170.797
172.931
176.699
182.835
184.769
190.704
194.722
198.59
202.559
208.461
214.546
218.531
224.483
228.485
238.238
244.207
246.224
250.209
258.195
260.096
262.047
264.048
265.982
269.95
273.934
276.035
279.937
285.872
289.94
295.876
297.81
299.877
301.895
303.679
305.863
307.763
309.831
325.653
327.504
331.455
333.623
337.441
341.459
349.329
355.281
359.399
361.216
363.4
365.284
371.136
375.221
377.105
385.108
392.978
395.028
400.964
402.915
410.901
413.002
414.836
424.873
426.757
438.628
440.795
442.746
446.664
448.648
458.568
462.486
466.538
468.405
474.524
480.343
482.26
484.444
486.262
492.314
494.315
496.299
500.15
504.101
