4.205
6.106
10.091
12.108
18.077
19.978
22.112
24.046
25.913
33.933
35.884
37.984
41.953
45.837
47.805
49.739
51.856
57.658
67.779
69.663
71.713
73.581
77.649
79.583
81.567
85.435
87.602
89.487
91.404
95.472
107.443
121.131
125.149
127.1
131.152
133.052
135.153
137.137
139.138
145.123
146.957
151.042
152.943
154.91
162.98
166.815
168.932
170.749
172.9
176.752
182.787
184.688
190.59
194.658
198.643
202.544
208.547
214.432
218.4
224.286
228.404
238.274
244.259
246.26
250.162
258.031
260.099
262.016
264.05
266.084
269.936
273.987
275.988
279.839
285.841
289.759
295.662
297.812
299.646
301.764
303.664
305.782
307.749
309.75
325.472
327.573
331.408
333.425
337.343
341.362
349.331
355.183
359.301
361.119
363.236
365.187
371.089
375.207
377.191
384.977
392.914
394.931
400.866
402.967
410.753
412.904
414.705
424.742
426.626
438.597
440.681
442.615
446.433
448.484
458.387
462.356
466.424
468.291
474.277
480.262
482.346
484.197
486.281
492.15
494.217
496.151
500.119
504.087
