4.162
6.163
10.131
12.015
18
19.968
22.035
24.036
26.07
33.839
35.907
37.958
41.809
45.844
47.861
49.912
51.779
57.648
67.668
69.586
71.67
73.587
77.472
79.606
81.573
85.425
87.442
89.443
91.543
95.345
107.299
121.121
125.239
127.173
131.241
133.025
135.176
137.127
139.127
145.129
146.963
150.915
152.999
154.85
162.836
166.871
168.855
170.889
172.706
176.807
182.793
184.81
190.579
194.697
198.699
202.583
208.435
214.388
218.422
224.425
228.326
238.28
244.315
246.299
250.117
258.137
260.004
262.071
264.172
266.123
269.974
273.909
275.91
280.011
285.93
289.881
295.884
297.734
299.802
301.752
303.836
305.637
307.738
309.689
325.444
327.545
331.43
333.48
337.449
341.467
349.37
355.288
359.323
361.307
363.225
365.259
371.044
375.179
377.063
385.116
393.019
394.919
400.855
402.989
410.792
412.792
414.693
424.647
426.631
438.702
440.652
442.52
446.488
448.505
458.542
462.327
466.312
468.329
474.314
480.217
482.267
484.235
486.269
492.088
494.105
496.106
500.207
504.175
