4.157
6.224
10.109
12.077
18.079
20.046
22.064
23.998
26.032
33.868
35.902
37.819
41.954
45.872
47.94
49.857
51.791
57.76
67.63
69.731
71.748
73.599
77.584
79.551
81.502
85.62
87.554
89.522
91.422
95.441
107.262
121.233
125.151
127.152
131.104
133.154
135.172
137.056
139.023
145.009
146.943
151.044
153.012
154.996
162.949
166.933
168.834
170.802
172.769
176.704
182.689
184.74
190.625
194.76
198.678
202.63
208.615
214.584
218.502
224.371
228.373
238.376
244.195
246.279
250.164
258.067
260.218
262.168
264.069
266.003
270.055
274.123
276.107
280.058
285.977
289.862
295.847
297.815
299.816
301.9
303.8
305.684
307.668
309.719
325.642
327.509
331.577
333.595
337.429
341.548
349.317
355.303
359.337
361.338
363.306
365.223
371.175
375.11
377.094
385.13
392.966
395.151
401.003
402.92
410.89
412.99
414.874
424.811
426.862
438.767
440.717
442.601
446.636
448.537
458.524
462.492
466.577
468.477
474.346
480.432
482.366
484.383
486.351
492.32
494.337
496.138
500.289
504.141
