4.111
6.228
10.18
12.164
18.049
20.133
22.001
24.001
25.919
34.038
35.956
37.89
41.908
45.859
47.793
49.911
51.811
57.864
67.634
69.684
71.685
73.703
77.504
79.505
81.639
85.523
87.441
89.575
91.542
95.36
107.448
121.32
125.171
127.272
131.09
133.091
135.075
137.159
139.176
145.045
147.129
151.014
152.981
154.915
162.835
166.903
168.82
170.904
172.888
176.84
182.825
184.609
190.561
194.696
198.681
202.632
208.501
214.403
218.388
224.373
228.325
238.295
244.164
246.281
250.249
258.202
260.036
262.137
263.971
266.105
270.04
274.075
275.909
279.977
285.879
289.83
295.866
297.85
299.784
301.685
303.735
305.819
307.603
309.771
325.577
327.544
331.545
333.496
337.398
341.482
349.385
355.421
359.389
361.373
363.357
365.258
371.243
375.228
377.095
385.098
393.084
395.002
400.92
403.038
410.974
412.875
414.775
424.712
426.663
438.684
440.668
442.585
446.67
448.487
458.408
462.459
466.327
468.461
474.397
480.382
482.383
484.234
486.234
492.253
494.171
496.088
500.106
504.174
