4.261
6.262
10.03
12.031
18.033
20.017
21.934
24.118
25.936
33.955
35.856
37.84
41.842
45.743
47.844
49.711
51.845
57.681
67.584
69.652
71.653
73.72
77.521
79.606
81.523
85.608
87.542
89.409
91.46
95.428
107.416
121.304
125.239
127.14
131.158
133.159
135.026
137.01
139.027
145.063
147.13
151.065
153.032
154.9
163.003
166.904
168.922
170.872
172.906
176.791
182.827
184.677
190.68
194.598
198.666
202.484
208.62
214.422
218.557
224.375
228.31
238.397
244.266
246.233
250.185
258.238
260.188
262.106
264.157
266.024
270.042
274.01
275.894
279.946
285.981
289.949
295.885
297.752
299.87
301.87
303.838
305.839
307.806
309.623
325.512
327.597
331.481
333.532
337.484
341.402
349.455
355.407
359.342
361.209
363.343
365.21
371.246
375.164
377.148
385.134
393.154
394.938
400.99
403.024
410.961
412.861
414.929
424.816
426.733
438.721
440.738
442.555
446.574
448.508
458.428
462.396
466.564
468.482
474.434
480.319
482.437
484.304
486.288
492.274
494.308
496.192
500.093
504.178
