4.2
6.267
10.102
12.219
18.088
20.122
21.94
24.074
26.008
34.044
35.861
37.896
41.814
45.865
47.883
49.75
51.901
57.786
67.673
69.724
71.591
73.542
77.51
79.461
81.528
85.446
87.497
89.415
91.549
95.45
107.321
121.126
125.194
127.262
131.147
133.014
135.165
137.182
139.083
145.102
146.952
151.004
153.021
154.939
162.842
166.893
168.794
170.861
172.845
176.747
182.766
184.783
190.685
194.52
198.505
202.523
208.458
214.427
218.462
224.314
228.282
238.236
244.172
246.239
250.207
258.01
260.144
262.078
263.946
266.113
269.914
273.849
275.95
279.851
285.82
289.822
295.724
297.825
299.642
301.826
303.727
305.778
307.745
309.579
325.452
327.469
331.487
333.388
337.473
341.357
349.31
355.163
359.297
361.115
363.299
365.166
371.118
375.087
377.004
385.057
392.993
395.011
400.929
402.947
410.916
412.767
414.734
424.705
426.622
438.677
440.494
442.528
446.463
448.447
458.367
462.435
466.42
468.438
474.206
480.325
482.226
484.243
486.178
492.13
494.147
496.165
500.166
504.067
