4.277
6.245
10.163
12.163
17.999
20.033
21.967
23.968
25.968
34.038
35.905
37.973
41.774
45.826
47.76
49.81
51.744
57.747
67.584
69.601
71.735
73.686
77.687
79.555
81.455
85.59
87.457
89.441
91.459
95.377
107.381
121.17
125.171
127.255
131.107
133.107
135.158
137.192
139.043
145.045
147.029
150.997
153.015
155.015
162.785
166.786
168.737
170.904
172.822
176.69
182.775
184.643
190.595
194.663
198.564
202.566
208.418
214.387
218.388
224.357
228.408
238.345
244.198
246.248
250.266
258.036
260.137
262.087
264.005
266.022
270.024
274.008
275.926
279.827
285.979
289.914
295.816
297.867
299.801
301.835
303.819
305.687
307.787
309.738
325.627
327.428
331.546
333.38
337.515
341.466
349.352
355.288
359.189
361.273
363.257
365.225
371.077
375.178
377.046
385.065
392.918
394.902
400.888
402.988
410.908
412.925
414.759
424.696
426.764
438.601
440.552
442.67
446.604
448.488
458.425
462.527
466.445
468.312
474.364
480.333
482.384
484.185
486.219
492.121
494.205
496.189
500.157
504.142
