4.093
6.161
10.112
12.03
17.965
19.983
22.067
24.117
26.068
33.971
36.022
37.973
41.791
45.759
47.743
49.744
51.861
57.797
67.65
69.568
71.718
73.569
77.687
79.588
81.505
85.44
87.391
89.458
91.559
95.51
107.348
121.12
125.188
127.205
131.19
133.107
135.125
137.192
139.16
145.095
147.063
151.047
152.915
155.032
162.935
166.82
168.771
170.705
172.755
176.857
182.709
184.626
190.562
194.647
198.515
202.566
208.452
214.521
218.322
224.391
228.376
238.179
244.098
246.249
250.134
258.187
259.971
262.155
264.122
265.99
269.991
273.893
275.96
279.828
285.83
289.748
295.801
297.835
299.752
301.736
303.67
305.604
307.655
309.772
325.561
327.512
331.447
333.514
337.499
341.467
349.253
355.272
359.257
361.291
363.175
365.226
371.145
375.213
377.147
385
393.053
394.92
400.956
402.907
410.809
412.827
414.911
424.731
426.749
438.586
440.67
442.588
446.639
448.59
458.577
462.412
466.413
468.414
474.449
480.268
482.386
484.336
486.154
492.256
494.207
496.224
500.242
504.144
