4.265
6.099
10.184
12.218
18.12
20.054
21.971
24.089
26.073
33.859
36.009
37.86
41.895
45.913
47.747
49.731
51.765
57.751
67.687
69.571
71.639
73.54
77.508
79.458
81.609
85.427
87.595
89.579
91.429
95.414
107.335
121.207
125.258
127.092
131.21
133.161
135.062
137.179
139.046
144.965
147.083
150.967
153.018
154.835
162.905
166.94
168.79
170.758
172.725
176.827
182.812
184.713
190.748
194.683
198.551
202.536
208.555
214.407
218.408
224.31
228.345
238.349
244.101
246.118
250.119
258.106
260.156
262.157
263.991
265.942
270.06
273.895
275.879
279.947
285.866
289.884
295.686
297.77
299.787
301.638
303.705
305.639
307.69
309.657
325.48
327.53
331.599
333.549
337.401
341.335
349.305
355.24
359.175
361.209
363.143
365.311
371.113
375.164
377.148
385.001
393.071
395.005
401.007
402.824
410.844
412.894
414.778
424.749
426.733
438.737
440.654
442.588
446.656
448.49
458.544
462.512
466.397
468.481
474.316
480.302
482.219
484.287
486.254
492.139
494.107
496.191
500.026
504.077
