4.254
6.188
10.189
12.056
18.009
19.993
22.027
23.994
25.945
33.981
35.949
37.833
41.901
45.786
47.837
49.854
51.838
57.857
67.677
69.761
71.712
73.646
77.548
79.515
81.466
85.434
87.551
89.535
91.369
95.388
107.442
121.264
125.132
127.166
131.068
133.068
135.202
137.003
139.137
145.073
146.99
150.942
152.892
154.96
162.846
166.964
168.815
170.932
172.75
176.685
182.72
184.771
190.707
194.691
198.509
202.511
208.497
214.449
218.367
224.386
228.354
238.258
244.31
246.161
250.129
258.198
260.116
262.033
264.167
265.985
270.02
273.988
275.972
279.907
285.992
289.91
295.913
297.913
299.781
301.765
303.782
305.683
307.734
309.634
325.657
327.624
331.542
333.477
337.511
341.563
349.316
355.251
359.403
361.27
363.271
365.222
371.124
375.092
377.26
385.046
393.149
395.066
400.902
402.986
411.006
412.973
414.874
424.727
426.811
438.582
440.617
442.617
446.669
448.653
458.423
462.575
466.56
468.394
474.329
480.348
482.232
484.3
486.317
492.336
494.303
496.237
500.122
504.14
