4.233
6.267
10.218
12.102
18.054
20.055
22.089
24.073
25.974
33.86
35.927
37.945
41.929
45.947
47.815
49.866
51.816
57.835
67.589
69.723
71.723
73.691
77.642
79.643
81.51
85.445
87.429
89.446
91.447
95.399
107.336
121.124
125.276
127.227
131.245
133.129
135.13
137.014
139.131
145.116
147.067
150.935
153.019
155.003
162.806
166.874
168.875
170.892
172.876
176.678
182.763
184.681
190.566
194.551
198.502
202.654
208.456
214.491
218.459
224.328
228.43
238.383
244.219
246.203
250.188
258.157
260.041
262.125
264.176
266.127
270.095
273.946
276.063
280.015
285.934
289.918
295.787
297.738
299.689
301.756
303.823
305.824
307.775
309.676
325.681
327.515
331.5
333.534
337.436
341.487
349.473
355.259
359.36
361.344
363.195
365.229
371.148
375.099
377.233
385.086
393.089
395.09
400.892
403.026
410.895
412.779
414.897
424.684
426.651
438.739
440.656
442.64
446.591
448.609
458.429
462.414
466.482
468.416
474.468
480.27
482.321
484.322
486.222
492.174
494.242
496.109
500.144
504.079
