4.258
6.125
10.06
12.094
17.997
20.164
21.948
24.115
25.983
34.019
35.986
37.937
41.905
45.79
47.874
49.792
51.892
57.678
67.598
69.666
71.683
73.684
77.518
79.686
81.537
85.638
87.489
89.59
91.557
95.358
107.463
121.351
125.286
127.12
131.155
133.139
135.04
137.207
139.074
145.127
147.127
150.962
152.963
154.997
162.983
166.785
168.902
170.803
172.853
176.688
182.724
184.758
190.593
194.578
198.513
202.531
208.433
214.536
218.404
224.472
228.341
238.344
244.13
246.13
250.265
258.202
260.136
262.17
264.02
266.038
270.056
273.974
275.891
279.826
285.895
289.797
295.899
297.783
299.667
301.801
303.802
305.769
307.786
309.737
325.643
327.56
331.562
333.429
337.381
341.382
349.302
355.404
359.389
361.323
363.24
365.241
371.193
375.145
377.062
385.098
393.101
395.002
400.887
402.855
410.791
412.842
414.909
424.663
426.847
438.551
440.569
442.519
446.538
448.522
458.425
462.377
466.395
468.346
474.364
480.217
482.217
484.335
486.352
492.154
494.272
496.206
500.174
504.209
