4.25
6.15
10.068
12.102
18.171
20.039
22.006
24.107
25.908
34.027
35.961
37.862
41.913
45.831
47.882
49.766
51.7
57.819
67.656
69.673
71.641
73.592
77.626
79.594
81.544
85.429
87.513
89.581
91.381
95.466
107.437
121.259
125.194
127.194
131.229
133.063
135.081
137.115
139.032
145.134
146.952
151.036
153.02
154.988
162.857
166.942
168.876
170.81
172.794
176.812
182.831
184.782
190.701
194.552
198.604
202.555
208.457
214.476
218.511
224.33
228.381
238.335
244.254
246.188
250.172
258.192
260.143
262.06
264.094
266.012
270.063
274.031
276.015
279.85
285.869
289.72
295.672
297.823
299.757
301.808
303.675
305.576
307.66
309.577
325.55
327.501
331.419
333.469
337.438
341.339
349.309
355.294
359.212
361.163
363.28
365.098
371.15
375.068
377.085
384.988
393.058
394.992
400.944
402.778
410.848
412.882
414.732
424.803
426.67
438.524
440.542
442.659
446.544
448.595
458.398
462.316
466.468
468.419
474.204
480.256
482.157
484.191
486.292
492.077
494.045
496.029
500.13
503.981
