4.12
6.171
10.206
12.19
17.975
20.076
21.96
24.077
26.111
34.014
35.882
37.882
41.834
45.952
47.886
49.903
51.837
57.69
67.743
69.56
71.628
73.545
77.63
79.614
81.481
85.633
87.467
89.401
91.402
95.386
107.341
121.312
125.264
127.181
131.266
133.117
135.084
137.202
139.152
145.088
147.088
151.073
153.024
154.991
162.877
166.946
168.863
170.88
172.831
176.882
182.835
184.702
190.787
194.572
198.574
202.508
208.644
214.513
218.447
224.483
228.301
238.355
244.307
246.191
250.142
258.228
260.112
262.096
264.014
266.131
269.999
274.034
275.918
279.986
285.988
289.973
295.792
297.793
299.877
301.877
303.878
305.829
307.746
309.647
325.669
327.553
331.588
333.606
337.507
341.525
349.495
355.297
359.381
361.282
363.333
365.25
371.152
375.121
377.138
385.157
393.144
394.994
400.946
403.014
410.917
412.851
414.801
424.788
426.889
438.743
440.594
442.595
446.596
448.547
458.467
462.602
466.437
468.421
474.49
480.425
482.409
484.36
486.411
492.296
494.28
496.297
500.249
504.167
