4.103
6.254
10.072
12.223
17.992
20.026
21.96
23.944
25.961
33.947
35.831
37.882
41.9
45.835
47.836
49.753
51.854
57.672
67.643
69.727
71.644
73.528
77.479
79.513
81.598
85.516
87.433
89.434
91.434
95.469
107.423
121.262
125.13
127.247
131.082
133.133
135.083
137.134
138.985
145.02
147.038
150.972
152.873
155.024
162.91
166.761
168.729
170.729
172.763
176.848
182.767
184.701
190.636
194.504
198.539
202.524
208.376
214.528
218.43
224.448
228.35
238.253
244.189
246.223
250.158
258.077
260.144
262.145
263.996
265.963
269.898
274.049
275.95
279.985
285.904
289.905
295.674
297.841
299.809
301.693
303.743
305.761
307.661
309.562
325.484
327.485
331.486
333.387
337.389
341.373
349.259
355.178
359.23
361.297
363.248
365.265
371.167
375.035
377.169
384.956
393.058
394.926
400.844
402.829
410.815
412.732
414.816
424.703
426.737
438.658
440.525
442.626
446.494
448.411
458.332
462.416
466.334
468.435
474.387
480.306
482.223
484.308
486.175
492.21
494.178
496.045
500.18
504.031
