4.14
6.207
10.175
12.109
18.095
19.979
22.046
23.963
25.997
33.867
36.001
37.902
41.836
45.938
47.855
49.823
51.907
57.742
67.746
69.747
71.647
73.531
77.516
79.6
81.467
85.586
87.47
89.537
91.554
95.456
107.327
121.165
125.267
127.101
131.235
133.069
135.053
137.104
139.138
144.99
146.991
150.959
152.91
154.977
162.897
166.898
168.732
170.916
172.75
176.785
182.687
184.605
190.557
194.525
198.476
202.628
208.48
214.482
218.433
224.402
228.27
238.207
244.159
246.277
250.162
257.998
260.132
262.149
264.1
266.051
269.902
273.87
275.937
279.839
285.824
289.759
295.745
297.729
299.779
301.647
303.814
305.765
307.632
309.65
325.555
327.539
331.574
333.508
337.46
341.411
349.447
355.366
359.234
361.352
363.336
365.32
371.138
375.04
377.074
384.977
393.08
395.047
400.882
402.95
410.836
412.87
414.837
424.641
426.725
438.563
440.597
442.664
446.566
448.5
458.386
462.371
466.489
468.357
474.292
480.294
482.328
484.329
486.146
492.215
494.199
496.15
500.201
504.153
