4.264
6.082
10.069
12.155
18.061
19.913
21.865
23.867
25.769
33.777
35.679
37.764
41.601
45.555
47.641
49.626
51.445
57.484
67.494
69.296
71.365
73.217
77.221
79.306
81.091
85.129
87.181
89.116
91.085
94.972
106.834
120.798
124.836
126.621
130.558
132.627
134.596
136.581
138.499
144.556
146.491
150.345
152.364
154.299
162.307
166.311
168.196
170.148
172.2
176.121
182.06
183.929
189.885
193.789
197.893
201.797
207.786
213.692
217.563
223.602
227.59
237.483
243.439
245.258
249.312
257.303
259.238
261.074
263.026
264.978
269.048
272.886
274.971
278.908
284.831
288.802
294.774
296.61
298.762
300.564
302.699
304.618
306.57
308.422
324.321
326.306
330.344
332.362
336.133
340.17
348.012
354.084
357.988
359.874
362.043
363.828
369.917
373.905
375.673
383.698
391.606
393.691
399.547
401.466
409.524
411.326
413.361
423.171
425.34
437.202
439.004
441.073
444.943
446.979
456.989
460.826
464.713
466.832
472.655
478.561
480.679
482.531
484.667
490.456
492.458
494.377
498.431
502.268
