4.269
6.136
10.038
12.105
17.974
20.041
22.109
24.026
26.11
33.93
35.897
37.915
41.983
45.884
47.852
49.786
51.886
57.788
67.675
69.626
71.693
73.677
77.679
79.546
81.497
85.415
87.432
89.45
91.434
95.485
107.323
121.278
125.213
127.163
131.048
132.999
135.116
137.167
139.018
145.07
146.904
150.839
152.873
154.807
162.826
166.761
168.728
170.746
172.696
176.631
182.6
184.734
190.536
194.588
198.589
202.441
208.409
214.412
218.296
224.415
228.35
238.22
244.056
246.14
250.191
258.094
259.945
261.995
264.013
265.88
269.898
273.916
275.917
279.885
285.771
289.805
295.707
297.642
299.642
301.576
303.577
305.594
307.545
309.629
325.402
327.486
331.437
333.404
337.456
341.341
349.227
355.146
359.247
361.248
363.182
365.099
371.201
375.136
377.12
384.923
392.926
394.81
400.929
402.913
410.782
412.65
414.75
424.621
426.638
438.626
440.46
442.61
446.562
448.529
458.383
462.284
466.302
468.27
474.322
480.174
482.158
484.225
486.243
492.028
494.079
496.18
499.998
504.099
