4.28
6.148
10.233
12.05
18.002
20.069
22.104
24.121
26.055
33.958
36.009
37.859
41.811
45.796
47.846
49.747
51.848
57.717
67.737
69.704
71.688
73.572
77.657
79.558
81.592
85.593
87.427
89.495
91.562
95.547
107.301
121.19
125.124
127.292
131.143
133.077
135.211
137.179
139.129
145.082
146.966
150.95
153.051
154.985
162.905
166.923
168.807
170.758
172.925
176.693
182.679
184.713
190.632
194.666
198.668
202.553
208.555
214.424
218.492
224.461
228.345
238.332
244.184
246.319
250.237
258.039
260.207
262.208
264.192
266.126
269.994
273.979
275.913
279.897
285.966
289.784
295.853
297.871
299.705
301.805
303.723
305.74
307.691
309.625
325.531
327.481
331.633
333.617
337.552
341.57
349.323
355.358
359.326
361.244
363.361
365.295
371.181
375.215
377.083
385.136
392.989
395.106
400.875
402.959
410.912
412.963
414.897
424.884
426.851
438.772
440.556
442.623
446.692
448.642
458.496
462.447
466.432
468.499
474.302
480.304
482.271
484.322
486.189
492.158
494.326
496.143
500.211
504.212
