4.117
6.118
10.103
12.02
18.089
19.957
22.024
24.041
26.042
33.895
35.979
37.996
41.865
45.933
47.883
49.751
51.835
57.854
67.641
69.625
71.709
73.56
77.528
79.595
81.629
85.514
87.481
89.515
91.516
95.418
107.239
121.177
125.112
127.129
131.097
133.198
135.116
137.133
139.134
144.952
147.037
150.921
152.922
154.939
162.942
166.777
168.778
170.779
172.763
176.831
182.75
184.65
190.669
194.604
198.522
202.507
208.576
214.528
218.429
224.432
228.433
238.203
244.272
246.106
250.141
258.161
260.011
262.079
264.096
265.964
270.032
274.05
275.917
279.985
285.954
289.772
295.858
297.792
299.709
301.727
303.827
305.712
307.746
309.713
325.619
327.47
331.588
333.422
337.49
341.358
349.444
355.363
359.265
361.349
363.316
365.183
371.202
375.12
377.071
385.124
392.91
394.894
401.03
402.981
410.85
412.951
414.752
424.822
426.706
438.694
440.661
442.712
446.68
448.481
458.501
462.452
466.521
468.505
474.34
480.276
482.243
484.277
486.345
492.297
494.231
496.281
500.183
504.151
