4.177
6.078
10.229
12.113
18.049
20.133
22.034
24.068
26.002
33.855
35.872
37.99
41.841
45.876
47.843
49.761
51.761
57.68
67.667
69.618
71.602
73.669
77.654
79.555
81.522
85.54
87.574
89.558
91.426
95.36
107.382
121.187
125.271
127.105
131.073
133.208
135.092
137.109
139.176
145.112
146.929
150.981
152.915
154.949
162.985
166.837
168.821
170.821
172.805
176.807
182.676
184.793
190.729
194.63
198.615
202.566
208.435
214.454
218.355
224.358
228.292
238.363
244.265
246.182
250.134
258.22
260.004
262.171
264.055
266.139
270.058
273.892
276.06
279.928
285.847
289.931
295.767
297.868
299.868
301.769
303.786
305.67
307.655
309.689
325.494
327.495
331.53
333.614
337.482
341.35
349.37
355.389
359.207
361.391
363.358
365.159
371.111
375.196
377.197
385.016
393.002
395.07
400.872
402.956
410.792
412.86
414.944
424.764
426.781
438.602
440.736
442.62
446.538
448.623
458.493
462.361
466.446
468.33
474.382
480.234
482.368
484.236
486.186
492.305
494.123
496.207
500.058
504.21
