4.097
6.215
10.116
12.183
18.069
19.986
22.054
23.921
26.038
34.008
35.859
37.876
41.861
45.929
47.846
49.864
51.781
57.783
67.67
69.587
71.688
73.555
77.523
79.491
81.608
85.476
87.527
89.445
91.529
95.513
107.318
121.289
125.257
127.175
131.193
133.227
135.144
137.128
139.012
145.048
147.115
150.933
153.017
154.901
163.004
166.906
168.84
170.807
172.724
176.709
182.811
184.629
190.681
194.716
198.7
202.585
208.554
214.506
218.424
224.443
228.394
238.315
244.267
246.251
250.169
258.122
260.172
262.157
264.141
265.975
270.026
273.977
275.961
279.963
285.798
289.883
295.702
297.753
299.803
301.654
303.705
305.722
307.623
309.624
325.446
327.547
331.515
333.432
337.4
341.368
349.405
355.207
359.275
361.292
363.31
365.277
371.146
375.147
377.115
384.984
392.937
394.988
400.99
403.007
410.81
412.761
414.728
424.748
426.782
438.603
440.504
442.521
446.556
448.574
458.377
462.428
466.38
468.364
474.399
480.352
482.202
484.303
486.254
492.123
494.207
496.257
500.075
504.143
