4.116
6.083
10.068
12.052
18.171
19.955
22.006
23.957
25.991
33.96
35.944
37.928
41.796
45.948
47.782
49.716
51.7
57.735
67.622
69.756
71.557
73.725
77.543
79.61
81.594
85.512
87.413
89.58
91.481
95.432
107.437
121.258
125.276
127.244
131.195
133.196
135.03
137.181
139.165
145.1
147.068
151.069
152.92
155.004
162.89
166.908
168.909
170.776
172.877
176.712
182.78
184.631
190.65
194.651
198.636
202.504
208.523
214.492
218.51
224.395
228.364
238.267
244.119
246.12
250.055
258.158
260.075
262.142
263.943
265.927
269.945
273.897
276.014
279.815
285.801
289.852
295.721
297.739
299.723
301.807
303.674
305.725
307.709
309.643
325.515
327.616
331.434
333.518
337.403
341.371
349.44
355.226
359.244
361.228
363.179
365.28
371.248
375.233
377.05
384.97
392.873
395.024
400.892
402.96
410.896
412.83
414.714
424.684
426.635
438.556
440.657
442.524
446.525
448.493
458.363
462.398
466.349
468.467
474.285
480.271
482.338
484.256
486.24
492.242
494.093
496.143
500.078
504.063
