4.29
6.091
10.209
12.16
18.012
19.963
22.113
23.931
26.048
34.051
35.869
37.903
41.787
45.922
47.823
49.79
51.758
57.827
67.647
69.698
71.682
73.682
77.55
79.685
81.469
85.57
87.621
89.605
91.422
95.374
107.278
121.25
125.185
127.069
131.104
133.188
135.055
137.056
139.073
144.942
147.059
151.044
152.945
154.829
162.915
166.8
168.767
170.851
172.869
176.67
182.656
184.623
190.525
194.594
198.562
202.463
208.532
214.367
218.369
224.321
228.273
238.276
244.145
246.246
250.197
258.167
259.984
262.118
264.036
266.02
269.888
273.873
275.807
279.792
285.86
289.829
295.831
297.798
299.699
301.633
303.65
305.551
307.602
309.619
325.392
327.542
331.394
333.445
337.329
341.331
349.317
355.153
359.304
361.138
363.139
365.073
371.058
375.143
377.044
384.997
392.933
395.017
400.936
402.803
410.756
412.807
414.758
424.778
426.646
438.5
440.601
442.568
446.419
448.47
458.307
462.309
466.393
468.378
474.38
480.199
482.316
484.1
486.151
492.17
494.104
496.054
499.989
503.957
