4.232
6.132
10.217
12.034
18.12
20.104
22.088
24.039
26.023
33.909
35.976
37.877
41.829
45.863
47.931
49.848
51.865
57.784
67.671
69.555
71.556
73.69
77.525
79.609
81.526
85.427
87.445
89.412
91.563
95.381
107.319
121.307
125.225
127.109
131.094
133.161
135.162
137.163
139.113
144.982
147.083
151.034
152.868
154.852
162.972
166.89
168.807
170.825
172.892
176.827
182.779
184.647
190.649
194.617
198.602
202.653
208.555
214.507
218.392
224.311
228.379
238.249
244.151
246.152
250.087
258.156
260.024
262.024
263.992
266.059
270.077
273.895
275.913
279.831
285.866
289.751
295.887
297.837
299.871
301.822
303.756
305.707
307.607
309.641
325.481
327.648
331.599
333.567
337.418
341.503
349.272
355.358
359.276
361.243
363.227
365.178
371.247
375.182
377.199
385.085
393.005
394.972
400.908
402.908
410.861
412.812
414.796
424.85
426.784
438.755
440.605
442.606
446.507
448.625
458.412
462.43
466.348
468.432
474.434
480.353
482.22
484.254
486.305
492.14
494.208
496.259
500.16
504.228
