4.13
6.231
10.149
12.066
18.052
20.153
22.02
24.087
25.971
34.024
35.975
37.892
41.977
45.762
47.779
49.78
51.831
57.716
67.653
69.721
71.605
73.672
77.624
79.508
81.508
85.577
87.527
89.578
91.545
95.347
107.401
121.173
125.208
127.275
131.26
133.044
135.228
137.079
139.196
145.132
147.116
150.95
152.951
155.052
162.888
166.873
168.874
170.741
172.808
176.726
182.712
184.813
190.648
194.666
198.584
202.686
208.538
214.557
218.375
224.477
228.345
238.199
244.334
246.152
250.153
258.039
260.023
262.091
264.192
266.092
270.044
273.962
275.996
280.064
285.966
289.901
295.786
297.737
299.871
301.805
303.789
305.84
307.774
309.825
325.664
327.565
331.533
333.617
337.435
341.453
349.323
355.325
359.226
361.327
363.244
365.245
371.314
375.232
377.183
385.019
393.089
395.039
400.941
402.875
410.862
412.812
414.88
424.733
426.867
438.755
440.756
442.59
446.691
448.692
458.512
462.397
466.432
468.516
474.351
480.37
482.371
484.238
486.206
492.208
494.225
496.309
500.127
504.196
