4.183
6.067
10.168
12.186
18.138
19.955
22.073
24.023
26.074
33.894
35.844
38.012
41.947
45.831
47.932
49.766
51.767
57.753
67.706
69.607
71.624
73.558
77.56
79.644
81.611
85.579
87.58
89.397
91.498
95.416
107.321
121.126
125.127
127.178
131.063
133.23
135.164
137.082
139.149
145.118
147.119
151.07
152.954
155.022
162.858
166.859
168.777
170.911
172.912
176.696
182.665
184.766
190.751
194.736
198.604
202.522
208.508
214.493
218.462
224.447
228.349
238.186
244.288
246.222
250.173
258.026
260.01
262.078
264.028
265.996
269.997
274.065
275.999
279.851
285.986
289.821
295.74
297.891
299.892
301.742
303.71
305.694
307.778
309.695
325.501
327.602
331.486
333.521
337.539
341.54
349.426
355.412
359.33
361.347
363.332
365.216
371.251
375.269
377.203
385.106
392.942
394.993
401.012
402.846
410.799
412.916
414.867
424.721
426.738
438.626
440.693
442.711
446.495
448.596
458.483
462.501
466.369
468.37
474.306
480.274
482.342
484.193
486.177
492.279
494.23
496.18
500.098
504.05
