4.119
6.136
10.154
12.222
18.007
20.008
22.125
24.043
25.977
33.863
35.93
37.881
41.966
45.867
47.918
49.719
51.753
57.822
67.659
69.559
71.627
73.611
77.562
79.496
81.63
85.548
87.516
89.5
91.367
95.485
107.39
121.128
125.079
127.097
131.098
133.066
135
137.05
139.101
145.087
147.071
150.939
153.04
154.824
162.777
166.878
168.895
170.829
172.797
176.665
182.767
184.751
190.62
194.588
198.64
202.591
208.51
214.479
218.297
224.266
228.3
238.237
244.173
246.107
250.192
258.128
259.945
262.079
263.963
266.048
269.999
273.817
275.968
279.769
285.855
289.79
295.708
297.709
299.76
301.644
303.645
305.512
307.646
309.63
325.353
327.537
331.371
333.322
337.39
341.258
349.161
355.213
359.182
361.199
363.233
365.034
371.169
374.987
376.971
384.874
392.944
394.845
400.93
402.731
410.734
412.718
414.718
424.655
426.589
438.544
440.478
442.429
446.463
448.381
458.301
462.319
466.337
468.288
474.29
480.109
482.26
484.11
486.161
492.197
494.047
496.131
500.116
503.968
