4.288
6.172
10.157
12.057
17.993
19.96
21.944
23.995
26.063
33.965
35.833
37.984
41.835
45.887
47.804
49.905
51.889
57.674
67.628
69.679
71.713
73.53
77.648
79.532
81.566
85.568
87.485
89.486
91.387
95.405
107.409
121.331
125.166
127.216
131.151
133.202
135.236
137.087
139.171
144.99
146.974
151.025
152.876
154.86
162.98
166.931
168.782
170.749
172.767
176.768
182.737
184.704
190.606
194.708
198.576
202.461
208.413
214.365
218.45
224.469
228.32
238.357
244.226
246.194
250.278
258.198
260.132
262.049
264.15
266.118
269.919
273.887
275.988
279.973
285.792
289.843
295.829
297.796
299.697
301.681
303.848
305.732
307.633
309.617
325.64
327.624
331.492
333.409
337.427
341.545
349.298
355.35
359.252
361.353
363.22
365.354
371.273
375.074
377.109
385.111
392.948
395.048
400.967
402.868
410.988
412.872
414.756
424.693
426.66
438.681
440.632
442.566
446.701
448.518
458.539
462.54
466.508
468.492
474.328
480.313
482.381
484.198
486.365
492.234
494.302
496.152
500.254
504.089
