4.254
6.154
10.156
12.107
17.992
20.126
22.027
24.028
26.045
33.848
36.015
37.933
41.801
45.786
47.92
49.854
51.771
57.823
67.76
69.611
71.745
73.579
77.597
79.581
81.649
85.6
87.501
89.385
91.502
95.437
107.391
121.213
125.165
127.132
131.117
133.118
135.118
137.186
139.186
145.122
147.106
150.924
153.025
154.959
162.928
166.78
168.864
170.881
172.765
176.767
182.636
184.82
190.605
194.59
198.508
202.593
208.445
214.381
218.499
224.418
228.419
238.373
244.325
246.192
250.277
258.18
260.114
262.032
264.166
265.983
270.068
274.086
275.887
280.021
285.924
289.808
295.877
297.878
299.812
301.679
303.747
305.831
307.815
309.649
325.622
327.472
331.54
333.508
337.493
341.561
349.297
355.316
359.217
361.218
363.252
365.169
371.255
375.14
377.257
385.193
392.963
394.964
400.966
402.967
410.819
412.837
414.938
424.808
426.675
438.746
440.747
442.698
446.533
448.7
458.62
462.555
466.407
468.357
474.393
480.345
482.296
484.396
486.214
492.199
494.317
496.251
500.086
504.254
