4.144
6.212
10.113
12.131
17.966
19.95
22.084
23.952
26.002
33.872
36.023
37.873
41.825
45.91
47.81
49.861
51.778
57.781
67.601
69.668
71.736
73.57
77.538
79.505
81.589
85.457
87.458
89.592
91.476
95.394
107.399
121.154
125.289
127.223
131.141
133.191
135.209
137.093
138.994
145.062
146.996
151.065
153.032
154.949
162.852
166.887
168.871
170.888
172.889
176.807
182.809
184.794
190.696
194.547
198.482
202.533
208.502
214.504
218.322
224.308
228.293
238.28
244.215
246.266
250.134
258.17
260.088
262.022
264.006
266.006
269.941
273.876
276.06
279.828
285.864
289.815
295.717
297.735
299.819
301.669
303.653
305.688
307.638
309.639
325.511
327.562
331.38
333.531
337.482
341.334
349.337
355.372
359.207
361.191
363.108
365.226
371.145
375.046
377.03
385.1
392.919
394.903
400.972
402.823
410.859
412.726
414.811
424.764
426.648
438.536
440.553
442.554
446.422
448.406
458.376
462.311
466.313
468.43
474.332
480.184
482.152
484.286
486.153
492.072
494.239
496.107
500.075
503.993
