4.29
6.091
10.176
12.126
18.112
20.029
22.047
24.047
25.998
33.901
36.035
37.869
41.787
45.822
47.923
49.774
51.824
57.726
67.697
69.598
71.748
73.716
77.667
79.635
81.635
85.437
87.437
89.522
91.539
95.407
107.278
121.317
125.185
127.185
131.22
133.104
135.088
137.156
139.123
145.025
147.043
151.061
152.895
154.979
162.815
166.817
168.784
170.902
172.736
176.87
182.839
184.69
190.642
194.644
198.578
202.613
208.599
214.434
218.419
224.521
228.339
238.36
244.162
246.346
250.247
258.117
260.084
262.135
264.069
266.087
270.021
274.09
276.04
279.942
285.927
289.812
295.898
297.815
299.882
301.766
303.734
305.818
307.652
309.653
325.659
327.576
331.461
333.411
337.363
341.348
349.284
355.37
359.388
361.205
363.206
365.14
371.259
375.06
377.144
385.047
392.95
394.968
400.936
402.92
410.957
412.857
414.842
424.795
426.829
438.65
440.634
442.535
446.67
448.637
458.558
462.392
466.327
468.345
474.413
480.349
482.366
484.167
486.184
492.22
494.137
496.272
500.106
504.074
