4.268
6.118
10.136
12.087
18.139
20.007
22.091
24.075
26.059
34.012
35.846
37.963
41.765
45.816
47.717
49.868
51.702
57.67
67.657
69.591
71.575
73.56
77.494
79.595
81.546
85.564
87.398
89.432
91.416
95.518
107.372
121.194
125.112
127.196
131.047
133.098
135.199
136.999
138.967
145.002
146.986
151.038
153.055
154.956
162.925
166.844
168.828
170.762
172.746
176.714
182.666
184.717
190.719
194.57
198.472
202.49
208.409
214.461
218.429
224.281
228.399
238.17
244.255
246.122
250.157
258.06
260.027
262.045
264.062
265.996
269.898
273.899
275.867
279.935
285.787
289.722
295.69
297.691
299.842
301.726
303.727
305.627
307.645
309.679
325.485
327.435
331.437
333.371
337.472
341.357
349.26
355.212
359.297
361.198
363.265
365.182
371.235
375.069
377.003
385.123
392.909
394.96
400.995
402.863
410.832
412.883
414.684
424.704
426.772
438.509
440.593
442.561
446.579
448.429
458.35
462.284
466.319
468.403
474.189
480.341
482.225
484.142
486.226
492.179
494.163
496.13
500.082
504.066
