4.077
6.061
10.079
12.013
17.965
20.033
21.95
24.034
26.035
33.938
35.988
37.873
41.807
45.892
47.859
49.91
51.861
57.763
67.683
69.601
71.618
73.569
77.487
79.637
81.638
85.506
87.474
89.491
91.458
95.443
107.281
121.202
125.171
127.155
131.156
133.14
135.207
137.058
139.042
145.128
147.078
150.913
152.93
154.948
162.934
166.852
168.836
170.804
172.688
176.856
182.658
184.659
190.611
194.695
198.547
202.465
208.584
214.386
218.354
224.289
228.308
238.311
244.28
246.147
250.115
258.118
260.152
262.02
264.02
265.954
270.023
273.991
275.975
279.859
285.778
289.763
295.865
297.716
299.75
301.767
303.801
305.769
307.603
309.67
325.559
327.627
331.528
333.562
337.363
341.398
349.418
355.303
359.321
361.355
363.256
365.24
371.159
375.06
377.044
385.081
393
394.867
400.82
402.92
410.89
412.74
414.908
424.778
426.612
438.616
440.617
442.685
446.603
448.553
458.54
462.392
466.293
468.41
474.313
480.181
482.232
484.233
486.134
492.136
494.186
496.254
500.022
504.023
