4.28
6.264
10.049
12.033
18.018
20.119
21.953
23.987
26.071
33.924
35.875
37.909
41.844
45.912
47.763
49.813
51.864
57.649
67.77
69.67
71.621
73.605
77.573
79.491
81.558
85.493
87.493
89.461
91.512
95.413
107.267
121.222
125.274
127.124
131.243
133.027
135.077
136.995
138.995
144.964
147.098
150.933
152.967
155.018
162.787
166.839
168.889
170.823
172.791
176.676
182.728
184.645
190.731
194.699
198.5
202.618
208.537
214.389
218.374
224.343
228.277
238.314
244.2
246.101
250.169
258.038
259.989
262.14
264.124
266.008
270.076
273.977
275.945
279.863
285.915
289.833
295.702
297.719
299.87
301.704
303.655
305.705
307.723
309.623
325.479
327.513
331.498
333.415
337.383
341.401
349.371
355.273
359.291
361.159
363.176
365.243
371.062
375.08
377.214
384.95
392.97
394.887
400.99
403.007
410.876
412.894
414.861
424.748
426.665
438.67
440.637
442.488
446.573
448.64
458.394
462.412
466.496
468.43
474.383
480.235
482.302
484.336
486.204
492.106
494.273
496.107
500.175
504.027
