4.217
6.168
10.236
12.103
17.972
20.14
22.074
23.991
25.925
33.878
35.879
37.813
41.848
45.866
47.883
49.767
51.684
57.72
67.64
69.674
71.608
73.492
77.577
79.528
81.429
85.597
87.397
89.565
91.366
95.434
107.271
121.11
125.211
127.162
131.047
133.164
135.148
137.149
139.016
145.002
146.952
151.021
152.838
154.839
162.858
166.71
168.827
170.878
172.862
176.763
182.715
184.633
190.685
194.62
198.505
202.456
208.392
214.41
218.328
224.347
228.365
238.236
244.105
246.072
250.007
258.026
259.96
262.111
264.045
265.879
269.847
273.949
275.949
279.901
285.87
289.854
295.823
297.757
299.708
301.625
303.593
305.71
307.711
309.595
325.401
327.552
331.386
333.404
337.405
341.373
349.193
355.212
359.296
361.18
363.281
365.149
371.117
375.002
377.07
385.006
392.842
394.876
400.862
402.912
410.865
412.649
414.817
424.604
426.738
438.592
440.576
442.61
446.478
448.429
458.416
462.284
466.419
468.336
474.255
480.207
482.158
484.092
486.176
492.161
494.029
496.08
499.964
504.032
