4.179
6.096
10.047
12.182
18.017
20.001
22.085
24.069
26.087
33.94
35.957
37.924
41.842
45.944
47.895
49.829
51.829
57.765
67.585
69.619
71.687
73.704
77.489
79.589
81.574
85.408
87.426
89.46
91.477
95.512
107.316
121.288
125.273
127.24
131.092
133.026
135.126
137.044
139.078
144.997
147.014
151.016
152.9
155.017
162.803
166.888
168.772
170.723
172.69
176.825
182.744
184.594
190.68
194.681
198.45
202.618
208.403
214.389
218.39
224.409
228.294
238.264
244.083
246.117
250.202
258.088
260.005
262.006
264.007
265.991
269.959
273.994
275.944
279.896
285.781
289.833
295.752
297.769
299.686
301.787
303.605
305.705
307.673
309.673
325.396
327.38
331.431
333.432
337.384
341.385
349.255
355.19
359.242
361.192
363.126
365.227
371.079
374.997
377.148
385.068
392.92
394.888
400.89
402.907
410.744
412.661
414.662
424.682
426.649
438.487
440.588
442.439
446.54
448.391
458.378
462.312
466.297
468.281
474.2
480.219
482.086
484.137
486.271
492.04
494.007
495.991
499.96
504.078
