4.186
6.12
10.038
12.039
18.058
20.025
22.026
24.11
26.044
33.897
35.914
37.865
41.967
45.801
47.785
49.919
51.887
57.772
67.776
69.577
71.544
73.578
77.513
79.68
81.648
85.482
87.567
89.484
91.518
95.469
107.29
121.212
125.214
127.181
131.116
133.2
135.017
137.018
139.069
144.921
146.938
151.073
152.957
154.874
162.944
166.745
168.713
170.897
172.881
176.666
182.735
184.719
190.704
194.606
198.524
202.458
208.411
214.363
218.381
224.266
228.251
238.171
244.107
246.258
250.142
258.179
260.063
262.03
264.014
266.082
270.083
273.851
275.985
279.987
285.855
289.857
295.692
297.776
299.727
301.695
303.629
305.663
307.597
309.714
325.587
327.471
331.389
333.489
337.541
341.326
349.279
355.347
359.266
361.216
363.25
365.284
371.22
375.155
377.139
385.058
393.045
394.995
400.964
402.848
410.851
412.835
414.869
424.773
426.824
438.661
440.629
442.696
446.647
448.598
458.485
462.336
466.505
468.422
474.408
480.276
482.277
484.244
486.329
492.281
494.281
496.165
500.034
504.118
