4.15
6.234
10.069
12.103
18.122
20.04
22.09
24.108
26.042
33.995
35.995
37.813
41.864
45.899
47.733
49.817
51.751
57.82
67.724
69.641
71.742
73.543
77.528
79.662
81.462
85.531
87.598
89.582
91.533
95.434
107.289
121.177
125.212
127.279
131.081
133.182
135.132
137.183
139.15
144.936
146.987
151.005
153.022
154.99
162.859
166.844
168.845
170.862
172.729
176.698
182.817
184.801
190.653
194.638
198.656
202.657
208.443
214.428
218.346
224.449
228.317
238.27
244.139
246.19
250.208
258.111
260.095
262.013
264.03
266.081
269.949
274.067
276.001
279.969
285.921
289.94
295.758
297.792
299.743
301.744
303.695
305.829
307.696
309.797
325.653
327.637
331.622
333.556
337.424
341.425
349.478
355.414
359.232
361.216
363.233
365.334
371.153
375.104
377.139
385.175
393.111
395.112
401.047
402.948
410.968
412.785
414.936
424.723
426.69
438.595
440.579
442.579
446.498
448.482
458.519
462.47
466.505
468.506
474.291
480.393
482.394
484.295
486.262
492.131
494.215
496.283
500.067
504.219
