4.283
6.1
10.151
12.035
18.154
20.105
22.089
24.09
25.94
34.043
35.977
37.811
41.88
45.948
47.915
49.916
51.783
57.685
67.606
69.74
71.54
73.658
77.626
79.61
81.461
85.512
87.563
89.58
91.581
95.399
107.437
121.325
125.143
127.094
131.245
133.246
135.097
137.214
139.048
144.967
147.134
151.019
153.037
154.987
162.84
166.808
168.792
170.893
172.727
176.745
182.714
184.815
190.667
194.635
198.637
202.605
208.557
214.559
218.377
224.413
228.447
238.368
244.337
246.154
250.189
258.092
260.142
262.076
264.027
266.061
269.962
273.947
275.931
280.033
285.818
289.886
295.755
297.923
299.89
301.757
303.858
305.675
307.726
309.644
325.533
327.55
331.485
333.569
337.454
341.388
349.491
355.394
359.412
361.379
363.38
365.247
371.133
375.251
377.285
385.121
392.991
394.958
401.077
403.078
410.897
412.798
414.782
424.869
426.77
438.624
440.758
442.609
446.66
448.561
458.614
462.449
466.551
468.501
474.437
480.356
482.273
484.39
486.408
492.227
494.261
496.195
500.23
504.248
