4.264
6.265
10.183
12.084
18.169
20.003
22.004
24.088
26.105
33.975
36.026
37.96
41.911
45.879
47.797
49.731
51.765
57.667
67.687
69.721
71.705
73.622
77.591
79.491
81.575
85.427
87.494
89.445
91.412
95.347
107.368
121.223
125.141
127.208
131.143
133.11
135.145
137.012
139.129
145.031
146.999
150.984
152.984
154.902
162.854
166.906
168.84
170.924
172.741
176.843
182.762
184.812
190.598
194.632
198.667
202.535
208.521
214.59
218.474
224.31
228.361
238.398
244.167
246.218
250.303
258.055
260.223
262.14
264.124
266.075
270.01
274.044
275.945
279.896
285.915
289.95
295.919
297.769
299.704
301.804
303.822
305.672
307.706
309.624
325.579
327.547
331.498
333.582
337.484
341.368
349.305
355.29
359.258
361.276
363.193
365.26
371.313
375.097
377.165
385.184
393.12
395.104
401.057
402.907
410.91
412.894
414.962
424.865
426.816
438.587
440.754
442.555
446.606
448.674
458.544
462.579
466.48
468.464
474.449
480.435
482.369
484.403
486.337
492.273
494.307
496.241
500.209
504.11
