4.271
6.172
10.24
12.091
18.11
20.161
21.995
24.129
26.029
33.849
35.85
38.017
41.902
45.803
47.737
49.738
51.839
57.758
67.761
69.729
71.679
73.68
77.498
79.615
81.483
85.451
87.585
89.402
91.453
95.405
107.309
121.247
125.249
127.149
131.201
133.152
135.019
137.136
139.004
145.056
147.04
151.058
152.859
155.01
162.846
166.914
168.848
170.899
172.799
176.801
182.77
184.654
190.639
194.641
198.659
202.56
208.562
214.381
218.399
224.401
228.286
238.256
244.259
246.093
250.144
258.047
260.181
262.015
264.066
265.95
270.001
274.053
275.954
279.855
285.94
289.759
295.827
297.711
299.645
301.813
303.797
305.764
307.632
309.716
325.538
327.422
331.59
333.491
337.409
341.344
349.38
355.299
359.184
361.151
363.219
365.286
371.121
375.056
377.107
384.943
393.046
394.997
400.799
402.833
410.753
412.737
414.771
424.591
426.575
438.679
440.597
442.631
446.566
448.583
458.353
462.288
466.339
468.273
474.209
480.161
482.312
484.163
486.247
492.082
494.083
496.067
500.135
504.103
