4.126
6.177
10.062
12.063
18.115
20.166
21.966
23.934
25.984
33.937
35.988
38.005
41.957
45.875
47.926
49.876
51.727
57.729
67.583
69.75
71.601
73.618
77.637
79.604
81.621
85.506
87.424
89.524
91.392
95.426
107.297
121.169
125.204
127.138
131.24
133.14
135.024
136.992
139.042
145.111
146.945
150.88
152.914
154.882
162.885
166.853
168.82
170.837
172.788
176.773
182.725
184.659
190.611
194.646
198.598
202.599
208.435
214.52
218.338
224.407
228.292
238.312
244.214
246.115
250.15
258.069
260.17
262.154
263.972
266.039
269.874
274.042
275.893
279.944
285.896
289.748
295.783
297.717
299.685
301.702
303.67
305.77
307.721
309.722
325.444
327.545
331.446
333.364
337.399
341.467
349.436
355.355
359.157
361.124
363.291
365.275
371.128
375.196
377.196
385.133
392.869
394.936
400.872
402.939
410.826
412.843
414.76
424.647
426.731
438.552
440.553
442.47
446.489
448.556
458.543
462.444
466.296
468.413
474.265
480.218
482.318
484.219
486.32
492.189
494.256
496.157
500.158
503.993
