4.202
6.136
10.221
12.205
18.157
20.058
22.009
24.06
25.977
33.897
35.897
37.981
41.933
45.751
47.852
49.869
51.82
57.855
67.759
69.743
71.56
73.644
77.563
79.563
81.614
85.582
87.416
89.55
91.484
95.519
107.39
121.179
125.197
127.231
131.216
133.2
135.15
137.034
139.002
145.021
146.971
151.056
152.974
154.941
163.011
166.862
168.929
170.764
172.881
176.749
182.735
184.735
190.671
194.622
198.574
202.642
208.644
214.48
218.514
224.467
228.301
238.255
244.307
246.158
250.259
258.196
260.063
262.047
264.014
266.015
270.15
274.001
275.902
279.954
285.856
289.907
295.793
297.927
299.728
301.762
303.796
305.863
307.647
309.831
325.587
327.671
331.456
333.573
337.441
341.543
349.329
355.348
359.416
361.25
363.301
365.368
371.304
375.222
377.239
385.092
393.079
395.063
401.082
403.032
410.952
412.953
414.87
424.807
426.708
438.712
440.696
442.747
446.548
448.682
458.536
462.587
466.489
468.556
474.475
480.311
482.395
484.345
486.246
492.165
494.182
496.183
500.168
504.086
