4.259
6.243
10.112
12.029
17.998
20.032
21.949
24.033
26.117
33.92
35.838
37.938
41.906
45.791
47.909
49.926
51.727
57.779
67.682
69.583
71.684
73.535
77.519
79.637
81.621
85.556
87.573
89.557
91.458
95.409
107.364
121.285
125.17
127.171
131.206
133.073
135.04
137.191
139.025
145.127
146.928
150.913
152.997
154.998
162.867
166.969
168.853
170.837
172.871
176.755
182.841
184.642
190.577
194.662
198.597
202.632
208.45
214.519
218.387
224.456
228.424
238.278
244.33
246.264
250.199
258.135
260.019
262.103
263.987
266.138
270.023
273.974
275.892
279.893
286.012
289.897
295.815
297.916
299.7
301.734
303.718
305.686
307.786
309.787
325.626
327.66
331.445
333.446
337.464
341.482
349.452
355.387
359.355
361.406
363.24
365.207
371.176
375.178
377.078
385.115
393.034
395.068
401.087
402.888
410.874
412.941
414.792
424.746
426.796
438.717
440.668
442.752
446.587
448.671
458.491
462.476
466.411
468.545
474.397
480.299
482.433
484.284
486.368
492.22
494.254
496.188
500.123
504.191
