4.171
6.238
10.223
12.057
18.176
20.026
22.077
24.011
25.912
33.915
35.899
37.849
41.951
45.786
47.77
49.77
51.704
57.673
67.777
69.594
71.661
73.662
77.614
79.581
81.615
85.516
87.467
89.601
91.552
95.42
107.258
121.329
125.131
127.282
131.066
133.217
135.084
137.085
139.119
144.971
147.122
150.94
152.907
154.875
162.994
166.862
168.93
170.814
172.915
176.849
182.651
184.635
190.638
194.656
198.691
202.575
208.594
214.58
218.481
224.5
228.368
238.288
244.157
246.174
250.292
258.095
260.079
262.063
264.064
266.081
270.083
274.001
275.902
279.853
285.822
289.957
295.759
297.826
299.76
301.744
303.712
305.796
307.796
309.781
325.486
327.487
331.505
333.439
337.507
341.542
349.461
355.314
359.265
361.216
363.2
365.25
371.269
375.221
377.121
385.074
392.994
395.028
401.013
402.931
410.967
412.951
414.968
424.772
426.689
438.577
440.661
442.662
446.68
448.63
458.417
462.519
466.37
468.471
474.44
480.308
482.393
484.21
486.277
492.329
494.264
496.164
500.116
504.217
