4.107
6.191
10.226
12.027
17.996
20.096
22.047
23.981
26.065
34.052
35.986
37.936
41.888
45.873
47.79
49.824
51.875
57.677
67.781
69.731
71.715
73.549
77.534
79.685
81.519
85.454
87.621
89.572
91.389
95.407
107.445
121.317
125.168
127.119
131.171
133.171
135.205
137.173
139.107
145.109
147.026
150.978
152.879
154.929
162.932
166.884
168.801
170.885
172.803
176.854
182.623
184.757
190.759
194.644
198.579
202.447
208.449
214.551
218.336
224.355
228.44
238.36
244.162
246.196
250.198
258.134
260.035
262.085
264.07
266.12
269.922
273.906
276.057
279.909
285.878
289.946
295.848
297.865
299.816
301.75
303.684
305.702
307.602
309.62
325.642
327.643
331.428
333.545
337.53
341.331
349.468
355.353
359.338
361.172
363.156
365.29
371.292
375.244
377.111
385.014
392.967
394.934
401.003
402.904
410.79
412.858
414.875
424.795
426.796
438.584
440.618
442.535
446.687
448.487
458.591
462.459
466.377
468.495
474.347
480.299
482.2
484.251
486.368
492.22
494.188
496.105
500.056
504.075
