4.111
6.078
10.146
12.114
18.066
19.95
22.001
24.051
25.952
33.922
35.922
37.89
41.891
45.759
47.86
49.711
51.795
57.847
67.584
69.701
71.719
73.703
77.537
79.521
81.606
85.49
87.591
89.592
91.376
95.477
107.248
121.17
125.138
127.222
131.207
133.058
135.125
137.176
139.11
145.045
146.929
150.997
152.965
154.949
162.918
166.853
168.804
170.921
172.805
176.773
182.626
184.71
190.729
194.597
198.631
202.533
208.535
214.554
218.472
224.407
228.392
238.363
244.265
246.315
250.267
258.053
260.104
262.005
264.105
266.123
269.974
273.926
275.893
279.978
285.897
289.765
295.817
297.851
299.885
301.752
303.853
305.67
307.821
309.638
325.578
327.628
331.63
333.564
337.415
341.417
349.453
355.288
359.407
361.324
363.275
365.292
371.278
375.262
377.196
385.016
393.086
395.02
400.922
402.872
410.875
412.826
414.944
424.697
426.698
438.669
440.569
442.637
446.555
448.489
458.376
462.511
466.329
468.33
474.382
480.234
482.335
484.369
486.319
492.238
494.172
496.19
500.041
504.109
