4.206
6.107
10.158
12.176
18.011
20.162
22.029
24.13
25.948
33.934
35.885
37.952
41.954
45.905
47.889
49.873
51.841
57.76
67.58
69.698
71.565
73.732
77.501
79.601
81.602
85.52
87.421
89.505
91.423
95.374
107.312
121.201
125.135
127.27
131.054
133.072
135.106
137.207
139.041
145.143
146.994
151.029
153.079
155.047
163
166.835
168.769
170.903
172.77
176.688
182.691
184.625
190.677
194.695
198.547
202.615
208.434
214.486
218.338
224.307
228.408
238.145
244.264
246.148
250.166
258.003
260.087
262.154
264.005
266.023
269.974
273.892
275.96
279.995
285.78
289.782
295.684
297.768
299.702
301.836
303.67
305.621
307.672
309.689
325.579
327.579
331.414
333.498
337.45
341.335
349.271
355.29
359.325
361.326
363.16
365.127
371.046
375.064
377.132
385.001
392.888
395.022
400.824
402.858
410.711
412.779
414.779
424.716
426.784
438.688
440.489
442.657
446.458
448.409
458.479
462.397
466.299
468.3
474.352
480.254
482.272
484.139
486.257
492.176
494.193
496.16
500.112
504.03
