4.178
6.079
10.23
12.048
18.033
20.067
22.035
24.019
25.936
33.906
35.956
37.941
41.775
45.843
47.911
49.728
51.712
57.814
67.568
69.702
71.553
73.62
77.688
79.656
81.49
85.525
87.525
89.509
91.51
95.478
107.383
121.221
125.239
127.29
131.175
133.075
135.093
137.177
139.177
145.113
147.03
151.048
153.032
154.85
162.819
166.804
168.922
170.756
172.79
176.858
182.76
184.777
190.646
194.681
198.616
202.651
208.453
214.472
218.49
224.342
228.427
238.28
244.282
246.3
250.285
258.037
260.188
262.139
263.99
266.107
269.975
274.027
276.027
279.979
285.931
289.799
295.751
297.819
299.703
301.837
303.804
305.805
307.822
309.79
325.679
327.529
331.498
333.515
337.466
341.501
349.421
355.44
359.324
361.325
363.342
365.36
371.312
375.28
377.231
385.167
392.937
394.954
401.04
403.04
410.86
412.894
414.878
424.865
426.716
438.703
440.537
442.521
446.639
448.523
458.544
462.429
466.53
468.497
474.283
480.285
482.302
484.37
486.237
492.289
494.19
496.258
500.092
504.194
