4.092
6.109
10.144
12.145
18.18
19.998
22.015
24.099
26.1
34.053
35.853
37.871
41.839
45.857
47.774
49.792
51.909
57.711
67.748
69.565
71.75
73.684
77.668
79.686
81.536
85.605
87.622
89.573
91.39
95.408
107.312
121.217
125.186
127.186
131.138
133.222
135.189
137.14
139.024
144.959
146.96
150.895
152.896
155.046
162.982
166.901
168.851
170.735
172.753
176.871
182.806
184.757
190.576
194.577
198.645
202.58
208.549
214.518
218.436
224.505
228.373
238.326
244.328
246.146
250.147
258.183
260.101
262.152
264.069
266.12
269.971
274.039
275.973
279.891
285.86
289.812
295.73
297.898
299.798
301.783
303.733
305.651
307.735
309.769
325.608
327.675
331.46
333.511
337.529
341.363
349.4
355.319
359.387
361.371
363.355
365.355
371.324
375.092
377.276
385.196
393.032
395.066
400.985
403.019
410.889
412.889
414.873
424.71
426.828
438.582
440.699
442.633
446.651
448.569
458.539
462.44
466.475
468.493
474.461
480.297
482.314
484.248
486.282
492.151
494.335
496.169
500.171
504.239
