4.267
6.067
10.169
12.036
18.022
20.056
22.14
23.99
26.008
33.994
35.961
38.012
41.93
45.798
47.882
49.883
51.8
57.786
67.573
69.657
71.607
73.591
77.676
79.544
81.511
85.512
87.53
89.48
91.381
95.449
107.287
121.208
125.176
127.077
131.195
133.063
135.13
137.031
139.065
145
147.068
150.936
152.986
155.004
162.823
166.858
168.892
170.693
172.727
176.695
182.68
184.598
190.55
194.551
198.653
202.604
208.506
214.458
218.443
224.395
228.396
238.25
244.069
246.169
250.154
258.09
260.008
262.008
263.926
265.927
270.028
273.846
275.797
279.881
285.884
289.868
295.654
297.821
299.672
301.673
303.59
305.741
307.591
309.525
325.548
327.515
331.55
333.384
337.302
341.437
349.356
355.208
359.193
361.294
363.128
365.128
371.064
375.082
377.116
385.119
393.038
394.972
400.908
402.975
410.845
412.745
414.746
424.733
426.7
438.571
440.472
442.523
446.541
448.608
458.462
462.346
466.414
468.365
474.301
480.169
482.153
484.154
486.255
492.14
494.124
496.142
500.11
504.128
