4.285
6.269
10.054
12.188
18.007
20.007
22.108
23.926
25.976
33.846
36.013
37.864
41.865
45.833
47.851
49.718
51.719
57.771
67.675
69.592
71.676
73.577
77.628
79.562
81.48
85.598
87.498
89.432
91.533
95.485
107.289
121.277
125.195
127.196
131.064
133.165
135.082
137.15
139
145.019
147.003
150.921
152.922
154.923
162.942
166.91
168.761
170.728
172.696
176.78
182.749
184.6
190.552
194.62
198.622
202.573
208.542
214.361
218.312
224.398
228.282
238.152
244.138
246.222
250.19
258.06
260.01
262.011
264.145
266.046
270.014
273.949
275.883
279.967
285.953
289.938
295.856
297.874
299.658
301.809
303.626
305.643
307.661
309.595
325.567
327.518
331.519
333.387
337.438
341.423
349.342
355.244
359.279
361.28
363.197
365.281
371.217
375.052
377.136
385.105
392.975
394.975
400.828
402.878
410.781
412.865
414.833
424.719
426.737
438.674
440.642
442.609
446.477
448.595
458.431
462.4
466.384
468.368
474.237
480.323
482.24
484.157
486.258
492.11
494.161
496.178
500.096
504.098
