4.265
6.034
10.054
12.006
17.962
19.881
21.933
23.902
25.82
33.745
35.83
37.699
41.72
45.624
47.659
49.594
51.58
57.486
67.396
69.414
71.233
73.402
77.189
79.141
81.226
85.18
87.115
89.117
90.969
94.973
106.935
120.816
124.67
126.705
130.743
132.645
134.497
136.482
138.617
144.423
146.442
150.296
152.381
154.233
162.341
166.129
168.264
170.116
172.168
175.972
182.095
183.88
189.936
193.79
197.811
201.831
207.654
213.677
217.664
223.453
227.457
237.417
243.39
245.425
249.246
257.304
259.072
261.158
263.176
264.978
269.133
273.036
274.972
278.942
284.915
288.736
294.642
296.61
298.762
300.664
302.566
304.585
306.454
308.622
324.355
326.44
330.344
332.179
336.2
340.137
348.045
354.052
358.089
359.991
361.843
363.928
369.918
373.872
375.74
383.665
391.723
393.608
399.614
401.466
409.324
411.343
413.278
423.238
425.34
437.235
439.037
441.123
445.01
446.962
457.005
460.909
464.88
466.715
472.721
478.561
480.729
482.665
484.55
490.573
492.425
494.543
498.464
502.268
