4.179
6.246
10.181
12.132
18.117
20.101
22.035
23.986
26.037
34.006
35.974
37.941
41.976
45.777
47.811
49.879
51.896
57.832
67.702
69.653
71.687
73.537
77.539
79.606
81.557
85.559
87.526
89.443
91.411
95.379
107.383
121.272
125.29
127.174
131.058
133.126
135.143
137.094
138.995
144.98
147.081
151.032
153.033
155.051
162.887
166.838
168.755
170.806
172.757
176.842
182.661
184.645
190.58
194.665
198.6
202.568
208.587
214.372
218.424
224.476
228.344
238.247
244.166
246.184
250.135
258.105
260.055
262.139
264.09
266.091
269.909
274.061
275.928
279.896
285.831
289.9
295.902
297.819
299.837
301.771
303.838
305.639
307.656
309.623
325.496
327.563
331.515
333.449
337.417
341.535
349.388
355.407
359.392
361.276
363.21
365.344
371.096
375.064
377.215
385.151
392.987
394.954
400.907
403.007
410.86
412.811
414.745
424.765
426.849
438.704
440.538
442.689
446.557
448.541
458.461
462.529
466.497
468.515
474.317
480.402
482.236
484.254
486.304
492.307
494.191
496.225
500.143
504.178
