4.192
6.176
10.144
12.061
18.113
20.164
21.965
24.049
26.033
33.853
35.853
38.021
41.805
45.924
47.924
49.842
51.859
57.761
67.782
69.682
71.616
73.717
77.619
79.519
81.587
85.438
87.606
89.44
91.424
95.425
107.33
121.335
125.269
127.27
131.105
133.189
135.073
137.04
139.108
145.093
147.144
150.979
153.063
155.047
162.867
166.935
168.802
170.786
172.854
176.772
182.807
184.725
190.577
194.628
198.53
202.565
208.583
214.469
218.47
224.423
228.424
238.244
244.297
246.264
250.165
258.068
260.186
262.053
264.154
266.038
270.006
274.007
275.908
279.976
286.012
289.913
295.932
297.766
299.867
301.884
303.735
305.736
307.67
309.671
325.676
327.661
331.595
333.429
337.447
341.532
349.302
355.321
359.422
361.34
363.274
365.358
371.227
375.145
377.112
385.098
393.118
395.052
400.954
403.072
410.908
412.925
414.893
424.83
426.68
438.701
440.585
442.569
446.588
448.605
458.442
462.593
466.445
468.396
474.331
480.35
482.384
484.385
486.335
492.254
494.305
496.122
500.124
504.175
