4.29
6.24
10.058
12.026
17.978
20.012
22.079
24.047
25.981
33.917
35.968
37.952
41.87
45.821
47.839
49.756
51.723
57.759
67.712
69.646
71.597
73.564
77.599
79.583
81.501
85.502
87.519
89.403
91.404
95.439
107.26
121.315
125.25
127.234
131.102
133.186
135.087
137.204
139.055
145.057
147.091
151.026
152.976
154.91
162.797
166.931
168.849
170.883
172.833
176.868
182.787
184.638
190.707
194.625
198.543
202.477
208.496
214.582
218.55
224.319
228.337
238.374
244.176
246.143
250.211
258.097
260.115
262.099
264
266.134
269.968
274.02
275.87
279.855
285.857
289.892
295.711
297.678
299.846
301.813
303.764
305.798
307.599
309.583
325.522
327.606
331.44
333.525
337.393
341.344
349.38
355.216
359.167
361.184
363.152
365.136
371.188
375.089
377.09
385.16
392.996
394.93
400.949
403
410.836
412.77
414.854
424.674
426.758
438.562
440.63
442.614
446.465
448.599
458.436
462.488
466.506
468.456
474.409
480.194
482.228
484.162
486.229
492.248
494.149
496.15
500.084
504.169
