4.123
6.24
10.075
12.042
18.095
20.079
22.096
23.947
25.947
34.017
35.984
37.985
41.92
45.904
47.822
49.806
51.89
57.742
67.612
69.596
71.647
73.548
77.699
79.6
81.65
85.535
87.536
89.52
91.421
95.355
107.26
121.198
125.249
127.233
131.068
133.069
135.02
137.187
139.004
145.04
146.907
150.942
153.009
154.86
162.796
166.831
168.915
170.832
172.716
176.751
182.803
184.587
190.656
194.707
198.509
202.527
208.596
214.431
218.416
224.401
228.303
238.24
244.208
246.109
250.144
258.063
259.981
262.048
264.016
265.983
270.051
274.002
275.97
279.888
285.923
289.808
295.677
297.661
299.745
301.596
303.78
305.58
307.698
309.532
325.487
327.488
331.356
333.524
337.425
341.41
349.379
355.331
359.199
361.167
363.268
365.185
371.104
375.055
377.072
384.992
393.011
394.812
400.781
402.932
410.701
412.752
414.686
424.606
426.573
438.578
440.495
442.629
446.597
448.581
458.401
462.353
466.338
468.355
474.34
480.159
482.26
484.194
486.178
492.214
494.164
496.115
499.983
504.018
