4.272
6.24
10.241
12.025
18.094
20.111
21.995
24.113
25.997
34
35.867
37.834
41.969
45.754
47.888
49.889
51.756
57.858
67.662
69.612
71.546
73.531
77.565
79.599
81.5
85.552
87.536
89.403
91.42
95.505
107.293
121.231
125.282
127.166
131.068
133.202
135.236
137.203
139.204
145.106
147.074
150.942
152.959
154.91
162.946
166.947
168.881
170.949
172.816
176.901
182.67
184.837
190.739
194.591
198.692
202.543
208.462
214.581
218.549
224.368
228.303
238.206
244.208
246.209
250.194
258.197
260.097
262.182
263.999
266.033
270.068
273.969
276.003
280.055
285.99
289.908
295.76
297.761
299.878
301.679
303.813
305.781
307.831
309.782
325.571
327.522
331.49
333.524
337.442
341.377
349.329
355.282
359.25
361.234
363.318
365.185
371.204
375.139
377.089
385.209
393.012
394.929
400.931
402.932
410.868
412.902
414.903
424.857
426.857
438.745
440.646
442.663
446.548
448.665
458.535
462.553
466.488
468.439
474.458
480.31
482.344
484.261
486.245
492.231
494.131
496.266
500.1
504.235
