4.217
6.118
10.203
12.137
18.005
19.989
22.074
24.074
25.942
33.911
35.962
37.996
41.897
45.749
47.799
49.733
51.851
57.803
67.623
69.641
71.575
73.625
77.527
79.644
81.495
85.596
87.597
89.531
91.398
95.483
107.321
121.276
125.294
127.145
131.096
133.113
135.231
137.048
139.032
145.001
147.102
150.987
153.054
154.871
163.008
166.959
168.81
170.877
172.844
176.796
182.715
184.699
190.668
194.636
198.67
202.522
208.541
214.393
218.561
224.496
228.431
238.235
244.203
246.138
250.306
258.159
260.143
262.043
264.011
266.128
270.013
273.931
276.065
279.916
285.969
289.87
295.772
297.823
299.857
301.824
303.792
305.792
307.726
309.71
325.516
327.684
331.602
333.569
337.47
341.572
349.408
355.344
359.312
361.212
363.296
365.214
371.199
375.101
377.118
385.104
393.14
394.958
400.96
402.977
410.93
412.998
414.948
424.835
426.886
438.59
440.724
442.675
446.693
448.61
458.431
462.532
466.567
468.534
474.386
480.288
482.273
484.407
486.407
492.209
494.143
496.128
500.212
504.264
