4.223
6.107
10.109
12.176
18.028
19.996
22.147
24.064
26.065
33.951
35.985
37.936
41.987
45.805
47.756
49.723
51.841
57.859
67.763
69.68
71.681
73.599
77.7
79.484
81.485
85.453
87.587
89.538
91.522
95.456
107.427
121.216
125.217
127.185
131.219
133.204
135.088
137.188
139.139
145.024
147.075
151.043
152.877
155.045
162.798
166.949
168.933
170.851
172.885
176.886
182.672
184.656
190.708
194.676
198.677
202.512
208.581
214.583
218.401
224.453
228.305
238.208
244.194
246.145
250.163
258.132
260.066
262.05
264.168
265.985
270.07
274.005
275.989
279.873
285.859
289.86
295.713
297.78
299.864
301.681
303.665
305.633
307.767
309.668
325.673
327.491
331.542
333.526
337.378
341.496
349.299
355.334
359.386
361.22
363.32
365.321
371.123
375.241
377.092
385.195
392.931
395.065
401.051
403.018
410.988
412.972
414.772
424.876
426.777
438.598
440.682
442.583
446.567
448.501
458.572
462.506
466.541
468.392
474.427
480.413
482.247
484.314
486.265
492.251
494.268
496.252
500.253
504.105
