4.144
6.112
10.046
12.014
18.066
20.067
22.051
24.018
25.936
33.989
35.856
37.99
41.825
45.776
47.877
49.711
51.845
57.747
67.567
69.685
71.686
73.636
77.521
79.672
81.522
85.441
87.541
89.442
91.526
95.344
107.399
121.254
125.188
127.256
131.174
133.125
135.175
137.159
139.06
145.062
146.946
150.914
153.065
154.949
162.902
166.804
168.921
170.888
172.789
176.807
182.793
184.627
190.746
194.547
198.498
202.466
208.602
214.538
218.472
224.441
228.359
238.196
244.098
246.149
250.067
258.153
260.021
262.021
263.972
265.99
269.974
273.892
276.01
279.878
285.863
289.748
295.784
297.818
299.752
301.703
303.753
305.687
307.738
309.689
325.428
327.412
331.563
333.364
337.516
341.467
349.353
355.305
359.19
361.274
363.142
365.109
371.111
375.096
377.063
385.016
392.952
394.936
400.955
402.906
410.809
412.86
414.877
424.831
426.715
438.702
440.57
442.604
446.505
448.489
458.41
462.528
466.296
468.363
474.432
480.267
482.168
484.352
486.286
492.222
494.256
496.09
500.208
504.176
