4.216
6.166
10.051
12.018
18.054
19.971
22.089
24.123
26.024
33.843
35.961
37.845
41.93
45.848
47.932
49.832
51.766
57.802
67.689
69.556
71.674
73.708
77.543
79.61
81.477
85.596
87.613
89.447
91.398
95.433
107.404
121.192
125.26
127.094
131.162
133.146
135.147
137.148
139.199
145.084
147.035
150.97
153.07
155.038
162.941
166.792
168.776
170.877
172.728
176.829
182.748
184.732
190.584
194.652
198.687
202.589
208.474
214.493
218.544
224.297
228.465
238.268
244.237
246.271
250.089
258.042
260.126
262.077
264.061
266.029
270.13
274.065
276.066
279.917
286.003
289.871
295.906
297.757
299.858
301.758
303.726
305.693
307.711
309.811
325.617
327.635
331.553
333.537
337.422
341.39
349.476
355.261
359.363
361.364
363.281
365.232
371.201
375.219
377.069
385.189
393.109
394.943
400.945
403.029
410.899
412.933
414.9
424.837
426.671
438.609
440.559
442.677
446.512
448.612
458.499
462.551
466.369
468.536
474.339
480.408
482.275
484.276
486.376
492.279
494.179
496.147
500.215
504.216
