4.19
6.074
10.059
12.11
17.979
20.113
22.13
24.064
26.115
34.018
35.969
37.986
41.937
45.755
47.806
49.84
51.758
57.693
67.714
69.631
71.698
73.732
77.601
79.485
81.585
85.537
87.488
89.405
91.422
95.407
107.311
121.333
125.301
127.119
131.254
133.138
135.222
137.072
139.023
144.975
146.959
151.061
152.978
154.879
162.999
166.783
168.801
170.751
172.886
176.77
182.756
184.74
190.592
194.727
198.595
202.463
208.599
214.534
218.519
224.338
228.306
238.193
244.178
246.296
250.147
258.2
260.051
262.135
263.986
265.987
270.121
273.973
275.957
279.942
285.794
289.962
295.897
297.748
299.716
301.75
303.767
305.751
307.618
309.769
325.475
327.476
331.577
333.445
337.429
341.414
349.3
355.436
359.371
361.338
363.206
365.323
371.159
375.193
377.227
384.997
393.083
395.051
400.886
402.887
410.906
412.857
414.958
424.812
426.779
438.6
440.601
442.652
446.553
448.604
458.474
462.492
466.427
468.511
474.28
480.265
482.349
484.3
486.201
492.203
494.254
496.288
500.173
504.224
