4.085
6.069
10.188
12.038
18.057
20.124
22.008
24.109
25.943
33.996
35.98
37.998
41.799
45.867
47.918
49.852
51.703
57.671
67.725
69.759
71.61
73.544
77.529
79.679
81.58
85.582
87.549
89.5
91.417
95.418
107.373
121.245
125.263
127.197
131.131
133.216
135.15
137.184
139.184
145.12
147.087
151.055
152.889
155.057
162.943
166.945
168.912
170.813
172.88
176.731
182.734
184.668
190.72
194.621
198.539
202.641
208.41
214.545
218.397
224.399
228.267
238.287
244.239
246.257
250.125
258.061
260.078
262.129
263.98
265.964
270.049
273.983
276.034
279.952
285.804
289.873
295.791
297.775
299.643
301.71
303.644
305.778
307.696
309.63
325.619
327.486
331.521
333.555
337.356
341.358
349.411
355.263
359.264
361.165
363.283
365.117
371.069
375.12
377.038
385.091
392.877
394.861
400.93
402.797
410.767
412.784
414.735
424.738
426.789
438.543
440.661
442.545
446.53
448.43
458.417
462.352
466.453
468.421
474.306
480.258
482.276
484.143
486.161
492.113
494.063
496.131
500.049
504.084
