4.267
6.101
10.22
12.154
18.139
20.023
22.141
24.041
25.909
33.845
35.996
38.013
41.898
45.816
47.8
49.867
51.818
57.787
67.74
69.625
71.692
73.676
77.511
79.578
81.562
85.58
87.514
89.548
91.416
95.434
107.338
121.16
125.111
127.229
131.114
133.131
135.048
137.099
139.116
145.002
147.036
151.071
152.888
154.889
162.792
166.927
168.894
170.828
172.712
176.847
182.716
184.733
190.569
194.603
198.471
202.606
208.425
214.494
218.345
224.314
228.366
238.219
244.155
246.105
250.257
258.11
260.177
262.045
264.145
266.113
269.964
273.966
275.866
279.951
285.937
289.838
295.857
297.808
299.792
301.642
303.676
305.744
307.611
309.745
325.468
327.435
331.403
333.571
337.439
341.373
349.46
355.328
359.297
361.331
363.215
365.182
371.284
375.152
377.236
385.039
392.909
394.893
400.978
402.979
410.932
412.816
414.933
424.754
426.721
438.609
440.709
442.527
446.595
448.462
458.549
462.517
466.502
468.453
474.405
480.374
482.291
484.209
486.309
492.212
494.162
496.263
500.081
504.183
