4.105
6.156
10.174
12.158
18.16
19.977
21.962
23.979
26.013
33.916
35.95
37.967
41.936
45.87
47.738
49.838
51.722
57.841
67.712
69.746
71.563
73.731
77.549
79.633
81.567
85.502
87.619
89.57
91.57
95.555
107.326
121.165
125.233
127.15
131.152
133.119
135.136
137.004
139.005
145.09
146.941
150.992
152.876
154.944
162.963
166.915
168.915
170.866
172.75
176.835
182.721
184.655
190.573
194.525
198.66
202.511
208.397
214.349
218.467
224.303
228.254
238.291
244.21
246.094
250.179
257.948
260.082
261.933
264.084
265.901
269.886
273.887
275.805
279.84
285.708
289.677
295.662
297.746
299.697
301.764
303.632
305.632
307.666
309.551
325.59
327.474
331.409
333.359
337.327
341.362
349.399
355.184
359.119
361.153
363.137
365.238
371.223
375.075
377.042
384.995
393.015
394.832
400.951
402.835
410.821
412.788
414.839
424.776
426.594
438.498
440.632
442.633
446.518
448.435
458.472
462.323
466.375
468.442
474.378
480.33
482.231
484.265
486.265
492.251
494.152
496.219
500.171
504.039
