4.266
6.133
10.218
12.069
18.004
20.155
21.955
24.09
26.074
33.976
35.894
37.878
41.779
45.864
47.848
49.732
51.883
57.752
67.739
69.723
71.623
73.524
77.642
79.576
81.544
85.462
87.446
89.446
91.53
95.382
107.319
121.191
125.109
127.177
131.045
133.095
134.996
137.113
139.147
145
146.934
150.885
152.902
154.903
162.939
166.891
168.908
170.876
172.693
176.711
182.746
184.697
190.683
194.567
198.602
202.487
208.572
214.508
218.376
224.411
228.396
238.15
244.185
246.269
250.071
257.973
260.124
262.042
264.109
266.06
269.894
273.979
276.013
279.865
285.933
289.852
295.67
297.821
299.688
301.756
303.64
305.591
307.575
309.742
325.564
327.432
331.467
333.484
337.369
341.353
349.373
355.325
359.193
361.16
363.195
365.229
371.197
375.082
377.05
384.986
392.955
394.856
400.841
402.892
410.762
412.896
414.896
424.767
426.801
438.688
440.539
442.623
446.641
448.625
458.395
462.48
466.282
468.466
474.335
480.287
482.171
484.271
486.155
492.224
494.158
496.092
500.194
504.029
