4.275
6.109
10.077
12.061
18.113
19.964
22.031
23.999
25.916
33.885
35.886
37.987
41.938
45.79
47.94
49.891
51.725
57.861
67.648
69.732
71.632
73.666
77.568
79.669
81.569
85.471
87.505
89.505
91.506
95.474
107.279
121.267
125.268
127.152
131.07
133.155
135.205
137.106
138.99
145.025
147.059
150.894
153.062
154.862
162.899
166.817
168.951
170.885
172.752
176.887
182.756
184.69
190.692
194.743
198.611
202.63
208.448
214.567
218.535
224.404
228.355
238.392
244.278
246.179
250.247
258.2
260.084
262.018
264.185
265.969
270.087
274.022
275.939
279.974
285.876
289.928
295.913
297.914
299.881
301.715
303.733
305.717
307.801
309.768
325.49
327.474
331.526
333.627
337.561
341.463
349.499
355.268
359.219
361.27
363.371
365.271
371.29
375.175
377.242
385.079
392.981
394.999
400.984
402.985
410.888
412.822
414.856
424.876
426.827
438.748
440.615
442.549
446.667
448.568
458.405
462.39
466.425
468.459
474.427
480.296
482.397
484.298
486.198
492.334
494.268
496.252
500.103
504.221
