4.107
6.191
10.059
12.06
18.045
20.08
22.097
24.064
25.965
34.051
36.002
38.019
41.887
45.872
47.89
49.807
51.758
57.86
67.597
69.714
71.731
73.682
77.617
79.484
81.602
85.57
87.604
89.471
91.572
95.54
107.261
121.216
125.234
127.151
131.053
133.12
135.204
137.105
139.139
145.058
146.908
151.06
152.994
154.895
162.781
166.849
168.85
170.85
172.801
176.719
182.771
184.705
190.741
194.526
198.61
202.562
208.464
214.366
218.468
224.286
228.238
238.291
244.26
246.077
250.162
258.132
260.033
261.983
264.134
265.985
270.053
273.988
276.038
280.006
285.758
289.727
295.845
297.729
299.763
301.798
303.682
305.782
307.766
309.75
325.589
327.507
331.508
333.476
337.51
341.312
349.415
355.283
359.318
361.152
363.22
365.237
371.106
375.041
377.208
384.944
393.047
394.998
400.983
402.851
410.853
412.854
414.805
424.758
426.759
438.697
440.531
442.648
446.583
448.484
458.354
462.372
466.423
468.307
474.31
480.195
482.296
484.347
486.164
492.183
494.083
496.184
500.119
503.987
