4.089
6.089
10.141
12.058
18.094
20.161
22.062
24.113
26.08
33.916
35.984
37.935
41.903
45.788
47.855
49.822
51.873
57.659
67.579
69.563
71.664
73.631
77.499
79.517
81.534
85.636
87.553
89.471
91.538
95.389
107.277
121.199
125.134
127.085
131.236
133.187
135.021
137.122
139.089
144.975
146.959
151.06
152.994
154.878
162.831
166.799
168.767
170.818
172.802
176.87
182.772
184.673
190.575
194.71
198.628
202.463
208.432
214.367
218.369
224.421
228.456
238.243
244.112
246.229
250.064
258.067
260.068
262.052
264.069
266.003
270.055
273.956
275.94
279.992
285.927
289.779
295.731
297.748
299.866
301.683
303.684
305.651
307.752
309.786
325.459
327.526
331.511
333.562
337.547
341.465
349.268
355.403
359.271
361.356
363.156
365.14
371.176
375.061
377.211
385.098
392.967
394.968
401.02
402.971
410.891
412.875
414.725
424.746
426.763
438.734
440.652
442.536
446.604
448.488
458.492
462.443
466.411
468.396
474.431
480.3
482.367
484.335
486.202
492.254
494.105
496.123
500.224
504.042
