4.193
6.177
10.245
12.079
18.048
19.982
21.949
24.067
25.917
33.987
36.038
37.838
41.806
45.841
47.925
49.876
51.827
57.662
67.766
69.566
71.717
73.551
77.669
79.487
81.537
85.522
87.423
89.407
91.391
95.509
107.347
121.235
125.136
127.254
131.055
133.223
135.207
137.107
139.025
145.127
147.111
150.912
153.013
154.997
162.85
166.868
168.769
170.836
172.82
176.822
182.774
184.791
190.61
194.728
198.696
202.564
208.633
214.435
218.453
224.422
228.29
238.294
244.263
246.163
250.232
258.184
260.219
262.036
264.187
266.171
269.989
273.973
275.941
279.909
285.978
289.913
295.898
297.782
299.866
301.683
303.751
305.752
307.719
309.67
325.609
327.493
331.528
333.562
337.53
341.364
349.401
355.403
359.371
361.255
363.189
365.356
371.109
375.11
377.177
384.997
392.933
394.917
400.969
402.887
410.873
412.774
414.958
424.795
426.845
438.616
440.65
442.651
446.569
448.503
458.423
462.425
466.393
468.51
474.346
480.415
482.415
484.333
486.25
492.236
494.12
496.287
500.155
504.19
