4.098
6.116
10.05
12.134
18.02
20.137
22.021
24.089
25.923
33.959
35.96
37.86
41.812
45.847
47.731
49.865
51.882
57.851
67.705
69.739
71.573
73.523
77.658
79.609
81.543
85.511
87.429
89.563
91.563
95.515
107.319
121.141
125.242
127.26
131.128
133.078
135.029
137.13
139.131
145.1
147
150.935
153.019
154.986
162.823
166.907
168.942
170.859
172.793
176.761
182.763
184.714
190.633
194.534
198.536
202.504
208.506
214.491
218.376
224.462
228.413
238.35
244.219
246.17
250.121
258.157
260.125
262.175
264.06
265.96
270.062
273.913
275.88
279.999
285.951
289.786
295.854
297.738
299.873
301.74
303.824
305.658
307.675
309.693
325.499
327.566
331.567
333.401
337.37
341.421
349.457
355.309
359.194
361.195
363.279
365.213
371.165
375.15
377.084
384.987
393.006
395.057
400.843
402.843
410.83
412.947
414.798
424.685
426.669
438.723
440.69
442.708
446.609
448.61
458.447
462.548
466.35
468.367
474.369
480.388
482.356
484.24
486.157
492.226
494.26
496.094
500.212
504.197
