4.245
6.062
10.197
12.131
18.133
20.067
22.001
24.102
26.053
33.922
35.84
37.89
41.858
45.727
47.761
49.861
51.679
57.731
67.668
69.535
71.636
73.704
77.622
79.556
81.606
85.591
87.492
89.426
91.477
95.495
107.416
121.238
125.172
127.073
131.158
133.159
135.043
137.06
139.028
144.98
146.897
151.049
152.899
154.933
162.936
166.888
168.705
170.806
172.74
176.691
182.777
184.594
190.613
194.648
198.499
202.484
208.386
214.439
218.457
224.226
228.227
238.297
244.216
246.25
250.135
258.088
260.056
261.99
264.007
266.058
269.859
273.894
275.945
279.879
285.865
289.85
295.735
297.686
299.737
301.721
303.688
305.672
307.556
309.657
325.38
327.564
331.532
333.433
337.451
341.369
349.388
355.191
359.125
361.226
363.16
365.144
371.096
375.165
377.149
384.985
392.954
395.022
400.774
402.775
410.878
412.778
414.662
424.616
426.583
438.621
440.605
442.606
446.541
448.475
458.479
462.347
466.265
468.382
474.251
480.187
482.237
484.271
486.205
492.058
494.075
496.092
500.161
504.129
