4.11
6.244
10.112
12.046
18.015
20.082
22.05
23.934
26.118
34.054
35.855
37.889
41.99
45.791
47.809
49.81
51.894
57.662
67.716
69.633
71.717
73.551
77.653
79.537
81.521
85.456
87.49
89.607
91.558
95.409
107.264
121.252
125.17
127.104
131.089
133.056
135.174
137.091
139.042
144.944
147.061
150.896
152.963
154.931
162.817
166.802
168.886
170.92
172.704
176.822
182.824
184.675
190.627
194.612
198.663
202.465
208.483
214.536
218.454
224.456
228.274
238.361
244.18
246.214
250.132
258.118
260.019
262.169
264.17
266.154
270.022
273.957
275.874
279.892
285.928
289.913
295.748
297.682
299.85
301.667
303.818
305.785
307.786
309.57
325.592
327.426
331.578
333.378
337.413
341.498
349.301
355.203
359.354
361.238
363.189
365.29
371.109
375.077
377.211
385.114
392.983
395.001
400.969
402.97
410.806
412.857
414.741
424.778
426.729
438.566
440.534
442.634
446.619
448.653
458.473
462.341
466.443
468.494
474.346
480.365
482.232
484.299
486.3
492.286
494.253
496.17
500.155
504.056
