4.16
6.261
10.129
12.113
17.998
20.132
22.033
24.084
25.934
33.904
36.021
37.855
41.824
45.892
47.926
49.827
51.811
57.663
67.783
69.767
71.668
73.702
77.637
79.588
81.672
85.64
87.54
89.591
91.575
95.477
107.331
121.236
125.204
127.272
131.19
133.257
135.158
137.209
139.009
144.978
147.129
151.03
152.898
154.915
163.001
166.953
168.887
170.921
172.755
176.807
182.659
184.826
190.712
194.747
198.665
202.499
208.435
214.504
218.339
224.424
228.359
238.363
244.131
246.282
250.1
258.136
260.154
262.155
263.955
266.023
269.991
273.892
275.926
279.911
285.797
289.765
295.7
297.868
299.768
301.836
303.787
305.654
307.805
309.639
325.528
327.645
331.547
333.431
337.399
341.467
349.47
355.256
359.307
361.208
363.242
365.343
371.145
375.246
377.247
385.15
393.103
395.07
400.939
402.923
410.926
412.76
414.894
424.798
426.798
438.653
440.604
442.704
446.672
448.673
458.46
462.362
466.446
468.447
474.466
480.418
482.252
484.386
486.204
492.289
494.24
496.157
500.125
504.177
