4.107
6.108
10.209
12.11
18.162
19.979
22.047
23.981
26.098
34.034
35.835
38.003
41.804
45.822
47.789
49.74
51.741
57.843
67.647
69.631
71.631
73.549
77.65
79.568
81.552
85.52
87.437
89.455
91.572
95.407
107.261
121.199
125.184
127.102
131.17
133.187
135.171
137.189
139.089
145.041
146.959
151.01
152.944
154.962
162.931
166.849
168.95
170.934
172.868
176.753
182.639
184.656
190.758
194.726
198.578
202.662
208.515
214.367
218.485
224.287
228.405
238.359
244.294
246.262
250.28
258.083
260.017
262.034
264.102
266.019
269.97
273.938
276.073
279.891
285.859
289.778
295.796
297.747
299.764
301.765
303.849
305.8
307.784
309.601
325.474
327.491
331.559
333.443
337.412
341.513
349.466
355.301
359.203
361.337
363.354
365.322
371.14
375.175
377.126
385.062
392.998
395.099
400.851
402.969
410.772
412.939
414.773
424.827
426.694
438.615
440.649
442.7
446.668
448.469
458.589
462.457
466.425
468.509
474.278
480.23
482.198
484.248
486.366
492.201
494.152
496.136
500.137
504.156
