4.115
6.201
10.138
12.157
17.946
19.981
22.033
23.902
25.87
33.695
35.814
37.715
41.786
45.657
47.692
49.511
51.646
57.552
67.312
69.397
71.316
73.401
77.172
79.19
81.192
85.213
87.165
89.05
90.969
94.973
106.985
120.849
124.719
126.638
130.642
132.544
134.579
136.464
138.466
144.455
146.524
150.395
152.297
154.415
162.29
166.194
168.196
170.114
172.033
176.037
181.993
183.912
189.851
193.771
197.742
201.846
207.669
213.741
217.512
223.585
227.555
237.482
243.254
245.373
249.31
257.201
259.203
261.205
263.157
265.176
269.03
273.017
274.902
278.856
284.846
288.8
294.739
296.741
298.643
300.728
302.714
304.532
306.467
308.619
324.435
326.421
330.308
332.226
336.197
340.084
348.209
354.098
357.902
359.971
361.906
364.008
369.814
373.751
375.82
383.611
391.719
393.688
399.527
401.529
409.387
411.405
413.374
423.351
425.203
437.114
439.066
441.102
445.039
446.974
456.901
460.938
464.775
466.727
472.8
478.573
480.675
482.61
484.612
490.434
492.47
494.355
498.292
502.296
