4.197
6.081
10.232
12.083
18.052
19.953
22.087
23.954
26.038
33.841
35.942
37.976
41.811
45.896
47.763
49.814
51.765
57.667
67.687
69.755
71.639
73.589
77.507
79.625
81.509
85.611
87.561
89.562
91.446
95.481
107.402
121.19
125.192
127.126
131.061
133.145
135.162
137.163
139.03
144.949
147.083
151.018
152.886
154.853
162.823
166.858
168.725
170.709
172.66
176.628
182.68
184.714
190.55
194.518
198.536
202.621
208.473
214.375
218.377
224.262
228.247
238.234
244.153
246.087
250.239
258.025
259.976
261.993
264.027
265.961
270.029
273.848
275.865
279.8
285.935
289.87
295.872
297.823
299.674
301.691
303.725
305.609
307.777
309.661
325.433
327.518
331.502
333.47
337.521
341.439
349.309
355.295
359.263
361.347
363.214
365.215
371.217
375.185
377.186
385.089
392.942
394.893
400.828
402.829
410.849
412.816
414.834
424.704
426.621
438.509
440.51
442.661
446.629
448.513
458.483
462.351
466.286
468.287
474.406
480.175
482.292
484.193
486.144
492.246
494.08
496.147
500.199
504.05
