4.104
6.121
10.156
12.156
18.175
20.093
22.06
24.061
26.028
33.848
35.998
37.932
41.867
45.869
47.886
49.92
51.704
57.823
67.726
69.56
71.728
73.595
77.497
79.481
81.465
85.633
87.434
89.468
91.385
95.42
107.424
121.262
125.13
127.198
131.166
133.083
135.117
137.135
139.052
144.971
147.072
151.023
152.991
155.041
162.877
166.912
168.946
170.747
172.731
176.816
182.785
184.652
190.637
194.706
198.657
202.608
208.527
214.596
218.481
224.516
228.384
238.321
244.34
246.291
250.309
258.228
260.146
262.013
264.064
265.981
269.983
273.984
276.052
279.87
285.955
289.807
295.892
297.743
299.793
301.811
303.745
305.779
307.846
309.68
325.553
327.587
331.622
333.556
337.424
341.375
349.328
355.38
359.248
361.349
363.35
365.284
371.253
375.204
377.288
385.024
393.094
395.128
400.98
402.947
410.867
412.934
414.985
424.722
426.889
438.727
440.728
442.695
446.58
448.697
458.484
462.435
466.537
468.471
474.49
480.342
482.359
484.277
486.227
492.263
494.297
496.231
500.232
504.267
