4.195
6.145
10.18
12.081
18.116
19.967
22.134
24.119
26.003
33.889
35.873
37.857
41.858
45.943
47.877
49.878
51.845
57.764
67.751
69.668
71.552
73.636
77.638
79.655
81.472
85.457
87.558
89.592
91.526
95.361
107.315
121.287
125.238
127.289
131.19
133.074
135.175
137.159
139.16
145.095
146.929
150.914
152.932
154.916
162.852
166.787
168.787
170.938
172.872
176.84
182.709
184.71
190.612
194.597
198.698
202.566
208.552
214.387
218.372
224.307
228.325
238.312
244.248
246.315
250.183
258.236
260.187
262.154
264.188
266.039
270.074
273.975
275.909
279.894
285.946
289.964
295.8
297.817
299.751
301.768
303.786
305.753
307.687
309.738
325.66
327.528
331.446
333.597
337.498
341.549
349.352
355.438
359.306
361.223
363.291
365.325
371.277
375.095
377.162
385.132
393.068
395.035
401.088
403.038
411.008
412.825
414.976
424.729
426.863
438.651
440.718
442.636
446.571
448.638
458.525
462.526
466.528
468.378
474.447
480.349
482.233
484.334
486.285
492.204
494.271
496.205
500.207
504.258
