4.107
6.124
10.226
12.06
18.078
20.062
22.113
24.097
26.015
33.851
35.868
37.885
41.854
45.838
47.922
49.723
51.84
57.809
67.696
69.747
71.631
73.548
77.566
79.6
81.518
85.436
87.536
89.454
91.404
95.406
107.343
121.215
125.116
127.184
131.135
133.203
135.137
137.104
139.188
145.09
146.924
151.026
153.01
155.027
162.797
166.915
168.849
170.899
172.767
176.701
182.67
184.804
190.656
194.608
198.676
202.661
208.63
214.382
218.466
224.318
228.47
238.207
244.159
246.126
250.261
258.164
260.181
262.132
263.983
266.1
270.135
274.036
275.953
279.888
285.99
289.792
295.927
297.711
299.762
301.813
303.713
305.664
307.715
309.615
325.621
327.505
331.607
333.541
337.542
341.46
349.48
355.315
359.367
361.384
363.218
365.185
371.254
375.289
377.24
385.192
393.062
395.013
400.881
402.915
410.985
412.869
414.953
424.873
426.841
438.628
440.629
442.579
446.548
448.648
458.452
462.57
466.455
468.372
474.407
480.343
482.294
484.394
486.278
492.18
494.148
496.165
500.233
504.085
