4.169
6.153
10.055
12.172
18.074
20.125
22.076
23.976
26.01
34.03
35.847
37.931
41.966
45.901
47.885
49.819
51.803
57.855
67.742
69.643
71.577
73.711
77.596
79.513
81.564
85.599
87.549
89.4
91.501
95.469
107.306
121.178
125.213
127.13
131.098
133.099
135.066
137.167
139.201
145.137
147.071
150.955
152.923
154.923
163.01
166.894
168.928
170.879
172.83
176.898
182.783
184.684
190.636
194.654
198.589
202.574
208.559
214.561
218.48
224.365
228.283
238.237
244.255
246.189
250.124
258.094
260.028
262.062
264.196
265.997
270.081
273.949
275.983
280.052
285.887
289.938
295.907
297.891
299.792
301.809
303.71
305.844
307.845
309.662
325.535
327.535
331.553
333.471
337.556
341.424
349.41
355.345
359.347
361.281
363.298
365.316
371.334
375.152
377.103
385.223
393.025
395.06
401.012
402.879
410.849
412.799
414.917
424.804
426.721
438.675
440.676
442.61
446.645
448.579
458.466
462.534
466.535
468.386
474.388
480.34
482.257
484.308
486.409
492.261
494.195
496.279
500.197
504.132
