4.229
6.163
10.048
12.015
17.984
20.052
22.136
23.97
25.904
33.857
36.008
37.908
41.81
45.844
47.929
49.846
51.797
57.749
67.702
69.72
71.671
73.538
77.673
79.507
81.624
85.609
87.61
89.527
91.544
95.463
107.45
121.172
125.223
127.257
131.242
133.21
135.094
137.211
138.995
144.997
147.015
150.999
152.983
155.034
162.887
166.889
168.956
170.907
172.874
176.709
182.828
184.712
190.697
194.565
198.633
202.502
208.52
214.556
218.357
224.326
228.311
238.348
244.133
246.101
250.269
258.022
260.173
261.99
264.141
265.958
270.059
273.878
275.895
279.963
285.882
289.767
295.852
297.836
299.82
301.704
303.772
305.639
307.79
309.607
325.513
327.614
331.565
333.466
337.367
341.385
349.255
355.291
359.325
361.343
363.193
365.228
371.213
375.048
377.232
385.035
393.021
395.005
400.924
402.891
410.911
412.778
414.812
424.716
426.8
438.538
440.555
442.539
446.54
448.575
458.478
462.463
466.331
468.348
474.267
480.219
482.237
484.238
486.205
492.274
494.108
496.275
500.127
504.111
