4.18
6.13
10.082
12.183
18.001
20.035
22.02
24.004
26.071
34.041
36.025
37.892
41.893
45.895
47.762
49.73
51.847
57.716
67.67
69.704
71.704
73.722
77.64
79.674
81.458
85.559
87.477
89.494
91.445
95.396
107.301
121.172
125.257
127.275
131.093
133.127
135.177
137.128
138.996
145.048
147.015
151
152.884
154.901
162.838
166.906
168.856
170.941
172.775
176.859
182.678
184.762
190.648
194.749
198.667
202.602
208.421
214.406
218.441
224.343
228.345
238.248
244.151
246.251
250.153
258.139
259.99
262.074
264.008
266.092
270.11
273.895
275.896
279.847
285.766
289.751
295.869
297.703
299.738
301.672
303.639
305.79
307.624
309.775
325.58
327.431
331.432
333.583
337.535
341.353
349.256
355.291
359.343
361.227
363.194
365.128
371.164
375.065
377.099
385.135
393.038
395.039
400.991
403.009
410.795
412.862
414.729
424.7
426.767
438.655
440.706
442.64
446.574
448.458
458.362
462.464
466.332
468.466
474.285
480.187
482.254
484.355
486.289
492.124
494.208
496.159
500.094
504.162
