4.174
6.224
10.076
12.16
18.012
19.996
21.997
23.964
26.048
33.951
35.952
38.002
41.804
45.939
47.873
49.873
51.891
57.859
67.713
69.714
71.664
73.732
77.65
79.584
81.651
85.553
87.62
89.437
91.421
95.373
107.377
121.199
125.133
127.217
131.202
133.253
135.154
137.138
139.172
145.091
147.091
150.926
152.96
154.877
162.914
166.932
168.949
170.816
172.8
176.785
182.837
184.705
190.707
194.541
198.593
202.594
208.43
214.532
218.417
224.385
228.387
238.39
244.326
246.26
250.178
258.031
260.131
262.032
264.083
266.134
270.085
274.086
275.887
279.955
285.824
289.959
295.777
297.862
299.762
301.83
303.83
305.681
307.732
309.749
325.655
327.605
331.49
333.441
337.526
341.427
349.397
355.232
359.35
361.367
363.351
365.302
371.288
375.172
377.256
385.176
392.962
395.063
400.898
402.949
410.885
412.802
414.77
424.857
426.807
438.662
440.596
442.696
446.648
448.682
458.469
462.387
466.471
468.355
474.424
480.276
482.277
484.378
486.362
492.247
494.198
496.099
500.083
504.135
