4.086
6.22
10.055
12.139
18.158
19.992
22.126
24.093
25.927
33.847
35.848
37.915
41.867
45.885
47.919
49.853
51.837
57.756
67.643
69.727
71.628
73.662
77.53
79.664
81.465
85.466
87.384
89.501
91.468
95.403
107.408
121.146
125.131
127.065
131.2
133.001
135.051
137.102
138.969
144.988
146.939
150.924
152.841
154.975
162.795
166.897
168.747
170.715
172.765
176.717
182.586
184.703
190.622
194.624
198.658
202.627
208.462
214.364
218.466
224.268
228.336
238.273
244.142
246.126
250.078
257.947
260.015
262.065
264.033
266.017
269.985
273.903
275.971
279.789
285.874
289.876
295.845
297.679
299.729
301.764
303.581
305.648
307.599
309.533
325.439
327.506
331.458
333.425
337.51
341.445
349.231
355.35
359.218
361.219
363.22
365.121
371.206
375.024
376.992
385.045
392.931
394.948
400.801
402.851
410.788
412.738
414.889
424.643
426.777
438.565
440.649
442.483
446.551
448.618
458.355
462.323
466.425
468.426
474.345
480.163
482.214
484.298
486.232
492.085
494.085
496.236
500.038
504.039
