4.169
6.219
10.087
12.172
17.974
20.058
22.142
24.026
26.077
33.98
35.93
37.864
41.816
45.951
47.885
49.869
51.753
57.655
67.692
69.759
71.66
73.627
77.679
79.613
81.53
85.532
87.566
89.4
91.567
95.452
107.323
121.228
125.129
127.197
131.148
133.166
135.1
137
139.168
145.07
147.087
150.956
152.923
154.907
162.96
166.928
168.845
170.896
172.83
176.748
182.634
184.784
190.637
194.638
198.489
202.558
208.543
214.429
218.413
224.366
228.267
238.154
244.239
246.19
250.158
258.061
260.062
261.979
264.047
266.031
269.899
274.017
275.918
279.819
285.855
289.889
295.708
297.859
299.776
301.794
303.661
305.795
307.596
309.697
325.486
327.603
331.405
333.522
337.407
341.508
349.378
355.297
359.298
361.366
363.35
365.284
371.219
375.254
377.155
384.974
392.944
395.028
401.047
402.997
410.767
412.951
414.868
424.705
426.723
438.71
440.578
442.512
446.53
448.497
458.434
462.419
466.52
468.438
474.34
480.209
482.36
484.277
486.178
492.113
494.231
496.148
500.166
504.134
