4.13
6.097
10.115
12.016
18.151
20.085
22.053
24.12
26.071
34.024
35.841
37.858
41.96
45.861
47.779
49.779
51.763
57.799
67.619
69.62
71.654
73.655
77.656
79.673
81.658
85.576
87.61
89.41
91.378
95.546
107.367
121.322
125.273
127.124
131.175
133.093
135.177
137.127
138.995
144.947
147.081
151.099
152.9
154.951
162.87
166.905
168.839
170.923
172.74
176.875
182.827
184.728
190.763
194.565
198.516
202.501
208.453
214.522
218.523
224.375
228.277
238.214
244.249
246.15
250.218
258.154
260.122
262.056
264.09
266.074
269.992
273.96
275.944
279.845
285.964
289.849
295.868
297.752
299.753
301.82
303.854
305.655
307.755
309.673
325.562
327.646
331.597
333.481
337.416
341.418
349.337
355.239
359.357
361.241
363.209
365.259
371.162
375.096
377.08
385.067
392.936
395.037
400.872
402.906
410.959
412.96
414.777
424.681
426.782
438.719
440.62
442.737
446.689
448.656
458.576
462.544
466.546
468.347
474.349
480.434
482.368
484.202
486.303
492.322
494.306
496.29
500.158
504.043
