4.159
6.177
10.195
12.029
18.148
20.149
22.016
24.034
26.001
33.871
35.855
38.022
41.79
45.942
47.743
49.743
51.861
57.846
67.7
69.617
71.735
73.619
77.537
79.655
81.572
85.473
87.458
89.592
91.592
95.394
107.398
121.22
125.272
127.289
131.274
133.225
135.209
137.21
139.144
144.996
147.13
150.931
152.999
155.05
162.836
166.821
168.755
170.772
172.723
176.841
182.76
184.761
190.63
194.565
198.583
202.468
208.47
214.372
218.474
224.359
228.427
238.181
244.1
246.117
250.086
258.005
260.106
262.157
264.124
266.042
270.026
274.011
275.895
279.814
285.799
289.867
295.77
297.787
299.704
301.655
303.789
305.757
307.674
309.725
325.481
327.448
331.516
333.55
337.452
341.403
349.256
355.375
359.244
361.161
363.162
365.262
371.181
375.2
377.15
385.07
392.923
395.007
400.843
402.91
410.78
412.797
414.748
424.818
426.769
438.607
440.608
442.525
446.46
448.427
458.481
462.466
466.301
468.385
474.354
480.273
482.357
484.257
486.241
492.177
494.161
496.112
500.08
504.082
