4.202
6.253
10.155
12.155
18.058
20.042
21.992
23.96
25.927
33.863
35.964
37.898
41.883
45.934
47.802
49.819
51.837
57.789
67.576
69.56
71.544
73.545
77.496
79.48
81.497
85.582
87.45
89.484
91.551
95.453
107.324
121.245
125.23
127.231
131.082
133.2
135.217
137.118
139.152
145.104
147.005
150.906
152.974
154.908
162.994
166.929
168.963
170.93
172.798
176.749
182.768
184.635
190.738
194.706
198.724
202.592
208.494
214.53
218.381
224.483
228.418
238.372
244.341
246.341
250.259
258.229
260.03
262.047
264.014
266.165
270
274.101
276.086
280.02
285.989
289.824
295.876
297.86
299.778
301.795
303.679
305.663
307.831
309.781
325.637
327.671
331.639
333.507
337.508
341.576
349.429
355.315
359.316
361.317
363.351
365.335
371.237
375.155
377.139
385.042
392.995
394.929
401.081
402.882
410.818
412.769
414.953
424.84
426.641
438.562
440.529
442.58
446.681
448.599
458.552
462.354
466.322
468.306
474.425
480.21
482.228
484.295
486.196
492.148
494.199
496.183
500.134
504.119
