4.252
6.136
10.204
12.188
18.157
20.091
22.142
24.043
26.043
33.846
36.03
37.814
41.966
45.801
47.901
49.835
51.903
57.805
67.625
69.676
71.627
73.694
77.596
79.496
81.514
85.515
87.616
89.483
91.401
95.369
107.256
121.295
125.213
127.13
131.082
133.132
135.133
137.151
139.118
145.037
147.071
150.972
152.89
154.974
163.01
166.928
168.912
170.813
172.897
176.782
182.751
184.701
190.787
194.671
198.623
202.524
208.56
214.479
218.447
224.316
228.45
238.221
244.206
246.24
250.208
258.128
260.079
262.196
264.113
266.098
270.132
273.95
275.951
279.903
285.871
289.889
295.892
297.842
299.776
301.877
303.828
305.795
307.729
309.63
325.636
327.62
331.571
333.455
337.607
341.458
349.378
355.463
359.381
361.416
363.25
365.3
371.336
375.271
377.271
385.024
393.01
395.094
400.98
403.064
410.884
412.951
414.918
424.739
426.789
438.627
440.778
442.628
446.73
448.547
458.568
462.502
466.387
468.505
474.457
480.325
482.36
484.26
486.294
492.33
494.247
496.331
500.166
504.268
