4.185
6.219
10.104
12.021
17.974
19.974
22.008
24.092
25.977
33.979
36.03
37.931
41.916
45.867
47.735
49.752
51.786
57.672
67.709
69.726
71.744
73.578
77.696
79.597
81.597
85.599
87.533
89.484
91.434
95.402
107.307
121.179
125.164
127.148
131.182
133.067
135.067
137.218
139.102
145.104
146.988
151.057
152.991
154.958
162.811
166.963
168.897
170.947
172.781
176.783
182.802
184.636
190.588
194.673
198.624
202.676
208.511
214.414
218.348
224.367
228.469
238.222
244.308
246.309
250.21
258.13
260.014
262.165
264.032
266.033
270.001
273.986
275.953
279.921
286.007
289.792
295.844
297.861
299.896
301.763
303.664
305.731
307.832
309.733
325.638
327.623
331.641
333.458
337.41
341.411
349.381
355.283
359.368
361.368
363.286
365.17
371.189
375.24
377.191
385.161
393.08
394.981
400.983
402.917
410.904
412.904
414.838
424.742
426.793
438.581
440.698
442.666
446.7
448.534
458.421
462.506
466.408
468.392
474.294
480.396
482.364
484.298
486.198
492.334
494.285
496.252
500.104
504.155
