4.266
6.2
10.235
12.119
18.088
20.005
22.089
24.123
25.941
33.844
36.011
37.862
41.813
45.931
47.865
49.916
51.733
57.802
67.623
69.74
71.707
73.591
77.526
79.594
81.644
85.479
87.613
89.58
91.415
95.349
107.337
121.242
125.293
127.144
131.246
133.196
135.114
137.081
139.082
144.951
146.985
150.869
153.054
154.871
162.79
166.825
168.909
170.76
172.777
176.712
182.781
184.565
190.684
194.635
198.637
202.522
208.49
214.443
218.327
224.346
228.381
238.184
244.137
246.154
250.055
258.158
260.142
262.076
264.044
266.045
270.063
273.947
275.965
279.983
285.768
289.903
295.705
297.739
299.724
301.824
303.658
305.626
307.61
309.594
325.616
327.5
331.418
333.569
337.537
341.489
349.325
355.244
359.328
361.279
363.163
365.281
371.116
375.118
377.218
385.055
393.024
394.958
400.827
402.894
410.947
412.865
414.799
424.652
426.62
438.541
440.608
442.525
446.66
448.544
458.381
462.399
466.417
468.401
474.37
480.322
482.19
484.241
486.191
492.16
494.228
496.128
500.18
504.181
