4.215
6.249
10.167
12.168
18.104
19.988
21.988
23.973
25.99
33.926
35.877
37.878
41.913
45.914
47.765
49.916
51.816
57.685
67.623
69.69
71.657
73.658
77.61
79.644
81.461
85.496
87.513
89.498
91.482
95.466
107.321
121.16
125.194
127.162
131.113
133.064
135.098
137.066
139.116
145.002
146.953
150.904
152.955
154.973
163.009
166.86
168.761
170.829
172.929
176.697
182.816
184.684
190.753
194.671
198.506
202.574
208.493
214.495
218.43
224.432
228.3
238.271
244.24
246.141
250.125
258.212
260.196
262.063
264.014
266.082
269.966
274.051
276.035
279.953
286.006
289.807
295.726
297.91
299.744
301.812
303.796
305.78
307.631
309.815
325.487
327.672
331.54
333.574
337.442
341.544
349.48
355.366
359.284
361.284
363.285
365.353
371.255
375.156
377.207
385.177
393.08
395.114
400.933
402.984
410.837
412.787
414.838
424.892
426.859
438.764
440.581
442.699
446.55
448.584
458.555
462.54
466.525
468.409
474.361
480.33
482.414
484.265
486.215
492.218
494.252
496.269
500.204
504.189
