4.117
6.117
10.186
12.186
18.155
20.106
21.957
23.974
26.091
34.011
35.912
38.012
41.931
45.799
47.916
49.75
51.834
57.753
67.773
69.741
71.708
73.609
77.594
79.628
81.512
85.53
87.43
89.598
91.582
95.45
107.321
121.276
125.294
127.162
131.246
133.064
135.081
137.215
139.049
145.051
147.102
151.087
152.921
155.055
162.825
166.876
168.893
170.811
172.812
176.796
182.815
184.749
190.635
194.72
198.721
202.589
208.641
214.443
218.445
224.48
228.398
238.385
244.271
246.205
250.256
258.193
260.077
262.011
264.011
266.029
269.964
273.998
276.016
279.967
285.986
289.854
295.906
297.874
299.858
301.725
303.726
305.677
307.661
309.628
325.551
327.551
331.619
333.437
337.405
341.423
349.476
355.411
359.396
361.28
363.348
365.215
371.184
375.285
377.186
385.106
393.142
395.059
401.045
402.979
410.815
412.982
414.833
424.887
426.687
438.608
440.626
442.743
446.728
448.629
458.432
462.45
466.419
468.403
474.321
480.307
482.358
484.275
486.326
492.245
494.162
496.163
500.097
504.216
