4.094
6.245
10.08
12.164
18.049
20.15
21.984
23.935
25.969
33.955
35.972
37.856
41.808
45.876
47.893
49.761
51.728
57.764
67.6
69.601
71.535
73.686
77.504
79.638
81.505
85.59
87.591
89.592
91.542
95.527
107.248
121.186
125.121
127.139
131.057
133.041
135.191
137.159
138.993
145.095
146.962
151.064
152.914
155.065
162.851
166.853
168.82
170.921
172.855
176.873
182.675
184.743
190.595
194.663
198.548
202.666
208.518
214.453
218.505
224.39
228.275
238.195
244.331
246.148
250.216
258.136
260.02
262.187
264.138
266.072
270.09
274.008
275.975
279.91
286.012
289.78
295.916
297.917
299.884
301.768
303.802
305.769
307.787
309.738
325.493
327.477
331.445
333.629
337.598
341.516
349.318
355.287
359.322
361.323
363.19
365.374
371.26
375.161
377.128
385.098
393.034
394.952
400.92
402.888
410.841
412.875
414.809
424.712
426.88
438.751
440.668
442.635
446.67
448.688
458.608
462.492
466.527
468.478
474.413
480.249
482.383
484.334
486.218
492.303
494.237
496.255
500.206
504.241
