4.137
6.071
10.223
12.09
17.975
20.076
21.993
24.127
26.112
33.998
35.998
37.966
41.85
45.902
47.869
49.72
51.887
57.739
67.726
69.627
71.578
73.695
77.563
79.631
81.565
85.583
87.417
89.417
91.385
95.469
107.274
121.162
125.263
127.231
131.232
133.116
135.05
137.001
139.018
144.954
147.021
151.056
152.89
155.007
162.827
166.828
168.879
170.713
172.714
176.865
182.684
184.685
190.687
194.721
198.59
202.641
208.476
214.395
218.463
224.299
228.317
238.354
244.156
246.14
250.241
258.194
260.011
262.079
264.096
265.947
270.048
273.9
275.867
279.985
285.954
289.805
295.741
297.758
299.692
301.643
303.744
305.778
307.628
309.629
325.468
327.585
331.47
333.571
337.406
341.407
349.326
355.312
359.28
361.264
363.331
365.265
371.151
375.102
377.053
385.106
393.009
395.076
400.845
402.929
410.915
412.832
414.733
424.803
426.821
438.675
440.676
442.61
446.578
448.478
458.515
462.383
466.318
468.302
474.271
480.206
482.39
484.291
486.242
492.194
494.228
496.229
500.147
504.015
