4.287
6.121
10.072
12.073
18.025
20.126
22.094
24.044
26.045
34.015
35.949
37.95
41.901
45.902
47.737
49.854
51.838
57.807
67.677
69.645
71.595
73.696
77.531
79.665
81.599
85.551
87.485
89.569
91.47
95.404
107.275
121.347
125.282
127.2
131.068
133.235
135.203
137.153
139.037
145.073
147.024
150.958
153.043
154.927
163.013
166.798
168.965
170.899
172.8
176.735
182.837
184.688
190.657
194.742
198.693
202.694
208.58
214.449
218.45
224.536
228.487
238.224
244.227
246.327
250.212
258.165
260.183
262.133
264.217
266.101
270.086
274.038
276.072
279.89
285.842
289.844
295.913
297.897
299.764
301.798
303.866
305.816
307.717
309.668
325.69
327.541
331.526
333.56
337.478
341.43
349.332
355.301
359.32
361.27
363.404
365.238
371.341
375.142
377.126
385.113
393.015
395.133
400.935
402.953
410.906
412.823
414.824
424.777
426.861
438.683
440.633
442.617
446.619
448.736
458.59
462.441
466.526
468.427
474.446
480.298
482.399
484.4
486.334
492.253
494.22
496.204
500.239
504.29
