4.252
6.069
10.171
12.038
18.157
20.024
22.091
24.126
26.076
34.046
36.03
37.864
41.832
45.867
47.801
49.785
51.852
57.838
67.741
69.709
71.559
73.577
77.578
79.562
81.53
85.548
87.598
89.566
91.416
95.501
107.272
121.277
125.312
127.213
131.197
133.165
135.216
137.15
139.2
145.119
147.12
151.005
152.905
155.056
162.825
166.777
168.928
170.762
172.862
176.68
182.716
184.783
190.585
194.537
198.688
202.523
208.592
214.427
218.412
224.414
228.366
238.319
244.221
246.122
250.124
258.093
260.094
262.095
263.995
265.963
270.064
273.932
275.983
280.018
285.836
289.938
295.773
297.791
299.791
301.692
303.676
305.844
307.728
309.662
325.534
327.585
331.636
333.604
337.488
341.39
349.493
355.361
359.396
361.33
363.281
365.265
371.284
375.135
377.136
385.039
392.992
395.042
401.011
402.995
410.865
412.799
414.85
424.837
426.721
438.725
440.559
442.743
446.661
448.645
458.449
462.45
466.351
468.519
474.471
480.423
482.224
484.325
486.375
492.277
494.295
496.129
500.147
504.232
