4.212
6.063
10.131
12.065
18.084
20.068
21.952
24.02
26.02
33.873
35.891
37.908
41.909
45.794
47.795
49.812
51.78
57.732
67.686
69.603
71.554
73.688
77.589
79.64
81.641
85.542
87.476
89.56
91.361
95.396
107.317
121.322
125.157
127.124
131.209
133.11
135.144
137.111
138.978
145.047
147.081
150.933
153.067
154.901
162.787
166.789
168.839
170.807
172.841
176.792
182.811
184.662
190.564
194.632
198.617
202.518
208.504
214.556
218.491
224.393
228.295
238.298
244.267
246.251
250.253
258.222
260.04
262.107
264.074
265.958
269.993
273.928
275.962
280.03
285.916
289.8
295.819
297.703
299.771
301.805
303.756
305.723
307.64
309.708
325.547
327.514
331.482
333.433
337.401
341.453
349.306
355.308
359.226
361.377
363.227
365.178
371.114
375.249
377.083
385.052
393.105
394.922
401.025
402.975
410.795
412.912
414.796
424.85
426.767
438.589
440.756
442.673
446.675
448.676
458.529
462.464
466.532
468.333
474.285
480.37
482.405
484.255
486.256
492.191
494.192
496.31
500.211
504.146
