4.29
6.174
10.058
12.043
18.145
19.979
22.03
23.964
26.081
33.918
36.018
37.886
41.854
45.789
47.806
49.84
51.891
57.843
67.58
69.581
71.715
73.583
77.501
79.552
81.536
85.521
87.505
89.505
91.54
95.391
107.312
121.334
125.186
127.236
131.255
133.205
135.023
137.024
139.124
144.943
147.027
150.896
153.046
155.047
162.883
166.802
168.819
170.886
172.737
176.805
182.824
184.675
190.661
194.696
198.547
202.682
208.601
214.52
218.371
224.49
228.292
238.279
244.298
246.165
250.283
258.07
260.07
262.038
264.122
266.106
270.024
274.093
275.91
279.895
285.997
289.915
295.767
297.918
299.802
301.82
303.67
305.705
307.789
309.806
325.529
327.546
331.498
333.448
337.483
341.485
349.371
355.29
359.342
361.309
363.277
365.294
371.13
375.281
377.215
385.051
393.021
395.122
400.891
403.025
410.811
412.962
414.913
424.7
426.834
438.622
440.573
442.673
446.542
448.492
458.479
462.564
466.349
468.383
474.336
480.288
482.339
484.373
486.207
492.159
494.276
496.261
500.079
504.18
