4.205
6.156
10.174
12.025
18.044
20.145
21.945
24.096
26.097
33.933
36.034
37.818
41.903
45.887
47.788
49.856
51.856
57.725
67.729
69.629
71.697
73.714
77.566
79.566
81.517
85.569
87.486
89.42
91.404
95.356
107.36
121.298
125.233
127.234
131.135
133.103
135.02
137.154
139.088
144.957
146.958
151.043
152.877
154.861
162.88
166.782
168.883
170.9
172.751
176.819
182.704
184.605
190.641
194.675
198.644
202.595
208.564
214.516
218.401
224.37
228.288
238.158
244.26
246.228
250.146
258.132
260.116
261.95
264.001
265.885
269.92
273.838
275.972
279.89
285.842
289.81
295.829
297.747
299.647
301.598
303.599
305.733
307.617
309.584
325.574
327.424
331.492
333.31
337.478
341.313
349.299
355.151
359.236
361.153
363.087
365.222
371.157
375.025
377.043
385.012
392.848
394.816
400.785
402.869
410.788
412.872
414.79
424.727
426.577
438.582
440.483
442.517
446.501
448.469
458.423
462.307
466.242
468.259
474.312
480.231
482.265
484.165
486.199
492.202
494.069
496.12
500.038
504.006
