4.166
6.117
10.185
12.153
18.171
20.122
21.956
24.007
25.974
33.844
35.995
37.895
41.863
45.815
47.932
49.883
51.75
57.686
67.606
69.557
71.608
73.642
77.526
79.66
81.494
85.546
87.597
89.514
91.548
95.533
107.287
121.209
125.294
127.144
131.163
133.113
135.064
137.048
139.065
144.951
146.952
151.02
153.054
154.871
162.824
166.909
168.776
170.844
172.694
176.862
182.731
184.782
190.751
194.719
198.587
202.505
208.457
214.426
218.411
224.363
228.398
238.235
244.304
246.271
250.206
258.175
260.009
262.01
263.994
266.062
270.03
274.048
276.049
279.85
285.902
289.887
295.739
297.673
299.724
301.658
303.692
305.726
307.61
309.644
325.45
327.434
331.369
333.453
337.371
341.422
349.225
355.344
359.145
361.213
363.314
365.148
371.05
375.034
377.035
385.138
392.958
394.992
400.944
402.945
410.847
412.832
414.882
424.652
426.637
438.641
440.525
442.526
446.544
448.478
458.415
462.416
466.484
468.335
474.371
480.339
482.307
484.241
486.225
492.11
494.078
496.112
500.097
504.181
