4.125
6.109
10.077
12.095
18.064
20.164
21.982
23.982
26
34.02
35.887
37.921
41.906
45.791
47.791
49.809
51.876
57.795
67.715
69.616
71.75
73.667
77.552
79.586
81.52
85.605
87.523
89.54
91.491
95.492
107.43
121.335
125.303
127.12
131.155
133.123
135.073
137.141
139.108
145.094
147.061
151.013
153.013
154.997
162.95
166.835
168.836
170.803
172.821
176.855
182.808
184.742
190.627
194.745
198.713
202.665
208.617
214.553
218.454
224.423
228.441
238.295
244.297
246.281
250.282
258.185
260.103
262.087
264.204
266.005
270.09
274.091
276.042
279.993
285.912
289.964
295.833
297.75
299.784
301.801
303.836
305.753
307.72
309.688
325.644
327.694
331.529
333.546
337.498
341.399
349.386
355.304
359.356
361.323
363.241
365.225
371.277
375.228
377.296
385.199
393.102
395.119
401.021
402.889
410.892
412.959
414.826
424.913
426.747
438.602
440.636
442.753
446.555
448.672
458.542
462.527
466.429
468.413
474.482
480.434
482.385
484.402
486.369
492.372
494.156
496.29
500.174
504.076
