4.269
6.253
10.204
12.205
18.124
20.091
22.058
24.092
26.11
33.846
35.83
37.864
41.815
45.85
47.734
49.818
51.802
57.771
67.675
69.642
71.709
73.593
77.645
79.529
81.563
85.614
87.582
89.532
91.55
95.484
107.305
121.277
125.095
127.179
131.147
133.031
135.182
137.033
139.017
144.952
147.069
150.887
152.888
154.839
162.825
166.876
168.827
170.695
172.745
176.697
182.699
184.616
190.635
194.553
198.521
202.506
208.475
214.41
218.328
224.33
228.198
238.119
244.204
246.221
250.056
257.992
259.993
261.91
263.978
265.878
269.997
273.948
275.865
279.767
285.802
289.687
295.739
297.806
299.724
301.758
303.742
305.543
307.593
309.577
325.45
327.45
331.418
333.419
337.354
341.272
349.175
355.16
359.245
361.079
363.08
365.047
371.033
375.167
377.051
384.937
392.874
394.891
400.776
402.744
410.797
412.664
414.681
424.652
426.602
438.64
440.507
442.425
446.426
448.493
458.464
462.315
466.283
468.417
474.219
480.188
482.189
484.206
486.19
492.076
494.143
496.044
500.012
503.98
