4.156
6.207
10.108
12.226
18.061
20.162
22.046
23.997
26.014
34.05
36.034
37.985
41.903
45.755
47.755
49.923
51.757
57.692
67.646
69.747
71.564
73.648
77.616
79.55
81.585
85.636
87.52
89.587
91.472
95.456
107.444
121.182
125.217
127.168
131.086
133.237
135.021
137.022
139.189
145.125
147.025
150.927
152.877
154.895
162.948
166.916
168.783
170.884
172.718
176.753
182.805
184.722
190.741
194.659
198.528
202.629
208.481
214.45
218.452
224.354
228.389
238.242
244.228
246.228
250.13
258.133
260.1
261.984
264.135
265.936
270.037
273.989
275.923
279.941
285.876
289.895
295.747
297.731
299.681
301.849
303.8
305.8
307.601
309.785
325.524
327.492
331.41
333.41
337.479
341.48
349.416
355.252
359.22
361.321
363.271
365.272
371.275
375.159
377.143
384.979
393.082
395.016
400.969
402.953
410.872
412.89
414.74
424.811
426.828
438.683
440.733
442.701
446.485
448.653
458.557
462.525
466.476
468.31
474.379
480.381
482.399
484.316
486.35
492.302
494.103
496.154
500.072
504.223
