4.184
6.118
10.219
12.02
18.056
20.09
22.024
23.991
25.942
33.945
35.879
37.929
41.948
45.766
47.766
49.784
51.718
57.72
67.573
69.591
71.675
73.676
77.66
79.594
81.528
85.53
87.564
89.565
91.582
95.417
107.321
121.159
125.294
127.228
131.196
133.197
135.114
137.132
139.166
144.968
146.969
150.937
152.921
154.871
162.874
166.976
168.877
170.927
172.878
176.863
182.665
184.632
190.651
194.702
198.704
202.522
208.541
214.543
218.494
224.48
228.365
238.402
244.32
246.221
250.272
258.175
260.076
262.093
264.111
266.095
270.13
274.031
275.882
280
285.852
289.77
295.822
297.706
299.774
301.774
303.658
305.709
307.793
309.711
325.5
327.65
331.502
333.402
337.504
341.372
349.408
355.394
359.195
361.363
363.213
365.331
371.099
375.267
377.218
385.154
392.924
395.025
400.91
402.977
410.847
412.914
414.915
424.785
426.803
438.674
440.708
442.592
446.626
448.594
458.497
462.565
466.434
468.501
474.453
480.422
482.239
484.24
486.207
492.209
494.21
496.144
500.112
504.064
