4.078
6.095
10.163
12.214
17.983
20.084
21.934
23.918
26.003
33.872
35.973
38.007
41.975
45.776
47.727
49.711
51.828
57.714
67.667
69.735
71.669
73.636
77.588
79.538
81.522
85.541
87.408
89.492
91.459
95.444
107.315
121.303
125.305
127.239
131.09
133.124
135.025
137.026
139.076
144.979
147.079
151.047
152.965
155.015
162.835
166.92
168.87
170.788
172.839
176.74
182.642
184.659
190.745
194.53
198.598
202.633
208.501
214.42
218.355
224.457
228.425
238.312
244.231
246.081
250.116
258.002
260.037
262.021
263.955
265.939
270.023
273.992
275.992
279.844
285.929
289.764
295.699
297.683
299.784
301.735
303.669
305.62
307.737
309.605
325.577
327.427
331.445
333.546
337.448
341.516
349.252
355.337
359.222
361.256
363.157
365.241
371.16
375.044
377.162
385.065
392.951
394.935
400.987
402.821
410.891
412.858
414.859
424.679
426.746
438.701
440.618
442.519
446.653
448.621
458.524
462.492
466.461
468.478
474.33
480.299
482.333
484.267
486.318
492.203
494.221
496.071
500.239
504.007
