4.268
6.102
10.103
12.121
18.023
20.074
22.091
23.942
25.976
33.962
35.963
37.847
41.831
45.9
47.934
49.818
51.752
57.704
67.591
69.558
71.692
73.576
77.561
79.478
81.529
85.447
87.481
89.549
91.533
95.434
107.322
121.344
125.278
127.146
131.147
133.198
135.149
137.099
139.05
145.119
147.02
151.088
153.088
155.056
162.942
166.843
168.794
170.761
172.896
176.814
182.699
184.833
190.685
194.72
198.605
202.523
208.625
214.544
218.429
224.381
228.299
238.203
244.171
246.255
250.124
258.043
260.06
262.161
264.095
266.046
270.097
274.049
276.016
279.884
285.903
289.888
295.79
297.741
299.675
301.659
303.81
305.66
307.644
309.695
325.584
327.635
331.42
333.52
337.372
341.44
349.326
355.412
359.347
361.18
363.281
365.315
371.151
375.102
377.22
385.072
393.125
394.943
400.895
402.862
410.899
412.949
414.833
424.754
426.688
438.675
440.743
442.593
446.595
448.646
458.549
462.551
466.435
468.336
474.372
480.39
482.208
484.225
486.343
492.328
494.295
496.296
500.098
504.082
