4.1
6.218
10.086
12.053
18.005
19.989
22.09
24.074
26.108
34.044
36.028
37.862
41.964
45.782
47.833
49.733
51.734
57.803
67.74
69.757
71.691
73.659
77.577
79.644
81.511
85.496
87.397
89.431
91.565
95.466
107.337
121.259
125.11
127.078
131.146
133.03
135.197
136.998
138.982
145.034
147.085
151.003
152.937
154.971
162.824
166.859
168.793
170.727
172.744
176.712
182.648
184.765
190.651
194.552
198.604
202.622
208.424
214.509
218.394
224.463
228.248
238.351
244.103
246.154
250.222
258.042
259.959
261.96
263.994
266.045
269.913
273.914
275.815
279.983
285.852
289.803
295.722
297.756
299.79
301.674
303.708
305.709
307.643
309.61
325.399
327.417
331.468
333.369
337.337
341.322
349.274
355.21
359.261
361.245
363.229
365.247
371.149
375.05
377.151
384.971
392.94
395.008
400.793
402.81
410.83
412.731
414.881
424.685
426.752
438.49
440.574
442.591
446.443
448.427
458.48
462.365
466.417
468.434
474.319
480.305
482.172
484.256
486.207
492.226
494.177
496.027
500.162
504.113
