4.282
6.233
10.134
12.118
18.004
19.988
22.089
23.989
26.073
33.893
35.927
38.011
41.813
45.897
47.915
49.882
51.75
57.685
67.589
69.656
71.59
73.708
77.492
79.676
81.527
85.495
87.596
89.48
91.514
95.516
107.42
121.325
125.193
127.227
131.179
133.163
135.097
137.014
139.132
144.984
147.135
150.903
152.903
154.937
162.89
166.892
168.809
170.727
172.711
176.762
182.748
184.665
190.634
194.602
198.57
202.605
208.557
214.426
218.427
224.263
228.298
238.318
244.087
246.221
250.106
257.992
260.109
262.06
264.061
266.095
270.063
274.031
276.032
279.8
285.819
289.787
295.823
297.807
299.691
301.708
303.809
305.676
307.61
309.561
325.617
327.484
331.486
333.503
337.338
341.389
349.292
355.194
359.263
361.33
363.214
365.298
371.1
375.202
377.119
385.105
392.925
395.076
400.995
403.012
410.782
412.782
414.766
424.653
426.737
438.608
440.576
442.51
446.611
448.629
458.549
462.484
466.369
468.403
474.438
480.29
482.275
484.325
486.343
492.178
494.096
496.146
500.081
504.199
