4.276
6.26
10.178
12.196
18.148
20.149
22.133
24.067
26.117
33.937
35.854
37.822
41.89
45.958
47.809
49.793
51.81
57.812
67.599
69.617
71.717
73.685
77.536
79.487
81.554
85.606
87.556
89.607
91.508
95.526
107.264
121.219
125.187
127.137
131.172
133.256
135.04
137.191
139.175
145.161
147.011
150.913
153.08
155.048
162.95
166.985
168.852
170.787
172.937
176.889
182.858
184.692
190.71
194.628
198.53
202.548
208.567
214.602
218.554
224.523
228.457
238.278
244.163
246.331
250.299
258.185
260.052
262.12
264.187
265.988
270.122
273.991
276.108
280.043
285.962
289.93
295.932
297.732
299.85
301.851
303.751
305.735
307.719
309.82
325.626
327.677
331.611
333.645
337.58
341.398
349.435
355.27
359.288
361.239
363.256
365.224
371.176
375.194
377.245
385.097
393.017
395.018
401.003
402.987
410.94
412.941
414.942
424.728
426.896
438.7
440.751
442.618
446.636
448.687
458.624
462.509
466.41
468.494
474.48
480.365
482.349
484.233
486.234
492.353
494.187
496.254
500.239
504.091
