4.247
6.214
10.215
12.2
17.985
20.002
21.97
24.037
25.921
33.974
35.842
37.859
41.777
45.945
47.846
49.863
51.764
57.833
67.687
69.654
71.555
73.522
77.507
79.508
81.658
85.46
87.611
89.511
91.379
95.363
107.268
121.323
125.174
127.108
131.127
133.127
135.028
137.145
139.079
144.998
146.966
150.9
152.935
155.035
162.805
166.773
168.957
170.758
172.859
176.71
182.829
184.68
190.682
194.667
198.635
202.503
208.555
214.557
218.542
224.311
228.279
238.249
244.185
246.285
250.104
258.106
260.207
262.025
264.109
266.109
270.061
273.996
275.996
279.981
285.917
289.885
295.87
297.888
299.822
301.889
303.74
305.674
307.775
309.659
325.598
327.482
331.617
333.451
337.436
341.487
349.423
355.392
359.294
361.211
363.378
365.296
371.181
375.099
377.25
385.22
393.073
395.007
401.059
402.926
410.879
412.98
414.847
424.751
426.752
438.639
440.774
442.758
446.576
448.626
458.58
462.565
466.366
468.467
474.419
480.455
482.339
484.256
486.224
492.259
494.343
496.144
500.179
504.063
