4.212
6.096
10.047
12.114
18.033
20.101
21.968
24.069
26.036
34.039
35.84
37.907
41.875
45.777
47.877
49.911
51.712
57.731
67.751
69.602
71.586
73.687
77.521
79.589
81.44
85.591
87.442
89.509
91.477
95.361
107.232
121.221
125.172
127.173
131.241
133.108
135.159
136.993
138.96
145.096
146.963
151.015
152.866
154.95
162.819
166.821
168.838
170.855
172.806
176.758
182.693
184.71
190.729
194.581
198.682
202.45
208.436
214.355
218.506
224.275
228.326
238.347
244.199
246.166
250.068
258.154
259.971
262.055
264.106
266.107
270.058
273.993
275.877
279.862
285.847
289.749
295.851
297.735
299.836
301.753
303.787
305.788
307.672
309.656
325.612
327.479
331.48
333.515
337.316
341.484
349.304
355.256
359.157
361.175
363.275
365.109
371.178
375.08
377.13
385.117
393.053
394.904
400.872
402.806
410.826
412.877
414.844
424.781
426.615
438.703
440.587
442.671
446.589
448.573
458.477
462.478
466.363
468.464
474.232
480.268
482.235
484.286
486.22
492.156
494.223
496.124
500.208
504.027
