4.18
6.097
10.049
12.166
18.002
20.136
21.97
24.12
26.071
33.857
35.991
37.909
41.944
45.845
47.862
49.913
51.88
57.766
67.703
69.57
71.538
73.522
77.69
79.574
81.491
85.593
87.56
89.494
91.495
95.513
107.334
121.206
125.274
127.158
131.243
133.06
135.194
137.061
139.112
145.081
147.098
150.933
153.017
155.068
162.937
166.872
168.939
170.94
172.924
176.842
182.811
184.745
190.597
194.749
198.667
202.618
208.504
214.422
218.507
224.309
228.461
238.398
244.283
246.267
250.102
258.138
260.039
262.156
264.124
265.974
270.059
274.077
275.911
279.946
285.882
289.9
295.752
297.886
299.72
301.754
303.838
305.739
307.689
309.79
325.679
327.663
331.631
333.565
337.584
341.418
349.304
355.39
359.258
361.242
363.26
365.36
371.146
375.097
377.215
385.067
393.12
394.971
400.94
403.041
410.86
412.877
414.928
424.848
426.882
438.753
440.687
442.571
446.523
448.624
458.477
462.412
466.53
468.481
474.4
480.252
482.436
484.27
486.354
492.289
494.24
496.141
500.126
504.11
