4.081
6.2
10.02
11.972
17.978
19.88
21.899
23.951
25.786
33.777
35.663
37.798
41.669
45.673
47.558
49.51
51.479
57.384
67.311
69.43
71.398
73.401
77.271
79.156
81.258
85.112
87.131
89.183
91.085
95.022
107.001
120.848
124.752
126.754
130.758
132.627
134.695
136.53
138.616
144.505
146.44
150.311
152.38
154.432
162.206
166.21
168.162
170.164
172.2
176.037
182.026
183.895
189.917
193.855
197.792
201.846
207.635
213.558
217.512
223.551
227.522
237.315
243.404
245.406
249.227
257.251
259.103
261.105
263.124
265.176
269.013
272.967
274.969
278.873
284.863
288.75
294.839
296.758
298.643
300.678
302.53
304.582
306.451
308.453
324.402
326.337
330.341
332.193
336.314
340.118
348.143
354.032
358.036
360.071
361.94
363.908
369.764
373.785
375.837
383.778
391.653
393.488
399.611
401.513
409.437
411.456
413.275
423.285
425.187
437.082
439.151
441.119
444.923
447.042
456.802
460.839
464.76
466.745
472.684
478.557
480.709
482.577
484.546
490.485
492.521
494.389
498.443
502.297
