4.114
6.115
10.166
12.217
17.969
20.07
22.087
23.988
25.972
33.841
35.959
37.826
41.828
45.846
47.897
49.914
51.831
57.667
67.62
69.754
71.705
73.706
77.574
79.608
81.575
85.61
87.594
89.528
91.579
95.38
107.285
121.256
125.108
127.158
131.06
133.111
135.128
137.095
139.113
145.065
146.966
150.917
153.068
154.868
162.988
166.839
168.773
170.791
172.775
176.776
182.612
184.679
190.648
194.566
198.601
202.469
208.388
214.473
218.475
224.31
228.328
238.282
244.101
246.168
250.103
258.072
260.106
261.974
263.941
265.925
269.927
273.861
275.929
279.913
285.766
289.784
295.769
297.687
299.737
301.638
303.655
305.773
307.724
309.624
325.53
327.481
331.449
333.466
337.418
341.419
349.355
355.257
359.292
361.293
363.127
365.178
371.113
375.131
377.048
384.935
392.988
395.005
400.907
402.774
410.777
412.761
414.862
424.766
426.65
438.587
440.571
442.605
446.607
448.524
458.444
462.346
466.264
468.248
474.367
480.152
482.153
484.154
486.271
492.257
494.057
496.141
500.093
503.978
