4.154
6.222
10.056
12.14
18.159
20.127
22.061
24.061
26.029
33.998
35.999
37.95
41.818
45.869
47.92
49.804
51.788
57.774
67.761
69.595
71.612
73.663
77.564
79.498
81.666
85.567
87.484
89.485
91.536
95.554
107.375
121.197
125.131
127.216
131.1
133.084
135.235
137.186
139.087
145.089
147.089
151.091
153.042
154.859
162.829
166.847
168.814
170.748
172.699
176.834
182.686
184.77
190.589
194.523
198.658
202.543
208.445
214.397
218.465
224.401
228.302
238.239
244.225
246.276
250.06
258.18
260.097
261.998
264.049
266.116
269.917
274.069
276.053
279.904
285.807
289.858
295.693
297.711
299.712
301.812
303.646
305.664
307.731
309.749
325.638
327.588
331.44
333.491
337.425
341.427
349.396
355.382
359.217
361.317
363.285
365.135
371.238
375.089
377.173
385.059
392.995
394.946
400.865
402.982
410.869
412.936
414.737
424.774
426.774
438.645
440.529
442.664
446.532
448.482
458.436
462.404
466.406
468.473
474.292
480.261
482.161
484.229
486.179
492.265
494.116
496.2
500.168
504.153
