4.164
6.233
10.103
12.105
17.978
20.013
21.882
23.917
25.836
33.86
35.712
37.747
41.601
45.605
47.507
49.559
51.528
57.484
67.477
69.312
71.414
73.35
77.27
79.322
81.191
85.128
87.063
89.015
91.117
95.005
106.816
120.797
124.668
126.62
130.59
132.592
134.694
136.479
138.582
144.404
146.356
150.343
152.412
154.414
162.238
166.309
168.261
170.146
172.215
176.086
182.025
184.01
189.816
193.954
197.924
201.828
207.634
213.64
217.577
223.483
227.437
237.447
243.42
245.238
249.209
257.267
259.119
261.204
263.089
265.141
269.095
273.049
274.968
278.805
284.894
288.715
294.671
296.656
298.708
300.577
302.562
304.514
306.449
308.501
324.451
326.302
330.323
332.292
336.229
340.2
348.108
354.114
357.934
359.953
361.988
363.957
369.929
373.867
375.869
383.743
391.634
393.603
399.626
401.594
409.402
411.287
413.339
423.299
425.235
437.03
438.998
440.967
444.921
447.073
456.9
460.87
464.841
466.843
472.715
478.655
480.59
482.492
484.627
490.4
492.468
494.387
498.324
502.412
