4.25
6.235
10.153
12.153
18.089
19.989
22.09
24.091
26.075
33.911
35.845
37.863
41.764
45.899
47.816
49.884
51.851
57.703
67.757
69.557
71.725
73.625
77.577
79.561
81.478
85.563
87.464
89.498
91.448
95.517
107.287
121.276
125.094
127.111
131.179
133.213
135.097
137.015
139.182
145.118
146.968
151.037
153.054
154.988
162.924
166.759
168.926
170.777
172.828
176.762
182.731
184.632
190.651
194.636
198.504
202.538
208.44
214.543
218.494
224.446
228.398
238.285
244.12
246.254
250.105
258.125
259.992
262.06
264.11
266.011
270.113
273.914
275.931
279.916
285.802
289.903
295.772
297.839
299.857
301.724
303.775
305.775
307.676
309.744
325.616
327.533
331.501
333.502
337.504
341.472
349.408
355.243
359.195
361.279
363.146
365.197
371.099
375.084
377.201
385.021
393.04
395.074
401.026
402.977
410.747
412.931
414.831
424.652
426.619
438.69
440.524
442.658
446.459
448.56
458.48
462.348
466.35
468.317
474.286
480.238
482.289
484.356
486.19
492.142
494.093
496.144
500.129
504.163
