4.155
6.072
10.173
12.208
18.093
19.96
22.044
23.995
25.912
33.849
35.933
37.867
41.918
45.786
47.72
49.721
51.672
57.791
67.627
69.678
71.696
73.596
77.464
79.482
81.532
85.451
87.468
89.502
91.469
95.437
107.375
121.163
125.181
127.249
131.2
133.101
135.152
137.086
139.17
145.055
146.956
151.041
152.925
154.942
162.828
166.73
168.897
170.848
172.815
176.683
182.735
184.703
190.655
194.59
198.574
202.576
208.428
214.397
218.282
224.267
228.268
238.222
244.208
246.075
250.01
257.962
259.963
261.931
263.915
265.982
269.967
273.835
275.852
279.97
285.722
289.824
295.676
297.71
299.661
301.761
303.579
305.696
307.63
309.631
325.603
327.571
331.522
333.523
337.324
341.459
349.412
355.231
359.215
361.133
363.117
365.084
371.153
375.188
377.005
385.058
392.911
394.945
400.93
402.881
410.884
412.851
414.685
424.706
426.723
438.527
440.578
442.595
446.547
448.581
458.501
462.369
466.287
468.288
474.257
480.226
482.16
484.11
486.194
492.063
494.131
496.065
499.983
504.067
