4.13
6.147
10.082
12.016
18.051
20.035
22.07
23.97
25.954
33.974
35.825
37.892
41.96
45.878
47.912
49.713
51.814
57.833
67.586
69.67
71.554
73.572
77.69
79.624
81.491
85.51
87.56
89.444
91.428
95.48
107.351
121.223
125.257
127.125
131.176
133.21
135.078
137.129
139.079
145.031
147.116
151.05
153.084
155.018
162.805
166.773
168.757
170.924
172.842
176.76
182.845
184.779
190.665
194.733
198.668
202.636
208.471
214.557
218.408
224.411
228.362
238.282
244.218
246.185
250.17
258.09
260.074
262.208
263.992
266.043
269.944
273.962
275.963
279.914
285.883
289.951
295.904
297.921
299.838
301.889
303.873
305.774
307.725
309.759
325.681
327.482
331.467
333.517
337.452
341.504
349.39
355.359
359.243
361.394
363.328
365.346
371.165
375.199
377.15
385.07
393.056
394.94
400.942
402.976
410.979
412.963
414.931
424.751
426.785
438.639
440.623
442.607
446.542
448.626
458.53
462.515
466.533
468.4
474.419
480.255
482.355
484.323
486.407
492.176
494.243
496.261
500.295
504.063
