4.173
6.174
10.109
12.059
18.112
20.012
21.963
24.13
25.931
33.967
35.901
38.002
41.97
45.805
47.789
49.856
51.874
57.726
67.613
69.563
71.564
73.665
77.5
79.5
81.518
85.636
87.42
89.454
91.388
95.389
107.377
121.149
125.317
127.267
131.236
133.203
135.087
137.154
139.088
144.99
147.125
151.059
152.977
154.927
163.014
166.798
168.949
170.95
172.884
176.719
182.721
184.671
190.74
194.692
198.676
202.695
208.497
214.549
218.417
224.369
228.354
238.241
244.226
246.194
250.295
258.198
260.215
262.183
264.2
266.167
270.152
273.954
275.904
280.022
285.975
289.859
295.895
297.879
299.896
301.814
303.798
305.715
307.749
309.666
325.655
327.489
331.541
333.458
337.41
341.478
349.331
355.383
359.301
361.218
363.386
365.32
371.138
375.157
377.207
385.077
393.013
394.964
400.949
402.883
410.853
412.987
414.921
424.791
426.775
438.713
440.68
442.564
446.666
448.566
458.52
462.488
466.456
468.474
474.426
480.344
482.329
484.413
486.33
492.365
494.35
496.334
500.102
504.103
