4.27
6.12
10.138
12.039
17.975
19.975
21.959
23.96
26.011
33.88
35.981
37.865
41.883
45.751
47.886
49.803
51.72
57.656
67.659
69.71
71.644
73.678
77.463
79.564
81.564
85.516
87.383
89.384
91.418
95.453
107.307
121.212
125.164
127.214
131.049
133.033
135.151
137.068
139.152
145.054
146.938
151.023
152.824
154.891
162.744
166.879
168.846
170.747
172.681
176.682
182.618
184.569
190.688
194.589
198.49
202.542
208.361
214.346
218.348
224.416
228.351
238.121
244.174
246.208
250.193
257.979
259.979
261.98
263.914
265.898
269.933
274.001
275.869
279.82
285.789
289.74
295.842
297.743
299.777
301.695
303.729
305.763
307.697
309.698
325.42
327.471
331.472
333.473
337.441
341.376
349.245
355.348
359.216
361.216
363.1
365.184
371.037
375.188
377.005
384.992
392.961
394.979
400.897
402.848
410.918
412.735
414.702
424.723
426.724
438.578
440.662
442.563
446.431
448.615
458.418
462.487
466.471
468.305
474.224
480.21
482.177
484.178
486.212
492.264
494.198
496.049
500.05
504.118
