4.08
6.148
10.033
12.1
17.986
20.036
22.12
24.071
25.905
33.958
36.026
37.976
41.878
45.912
47.88
49.881
51.798
57.734
67.671
69.655
71.705
73.606
77.691
79.558
81.526
85.494
87.411
89.462
91.413
95.497
107.318
121.324
125.258
127.126
131.077
133.078
135.162
137.179
139.03
145.049
146.983
151.085
152.902
154.919
162.806
166.924
168.958
170.909
172.909
176.711
182.78
184.73
190.682
194.601
198.569
202.67
208.489
214.575
218.393
224.345
228.43
238.267
244.286
246.32
250.304
258.224
260.158
262.142
264.193
265.977
269.962
274.063
276.031
279.949
285.918
289.802
295.871
297.822
299.823
301.74
303.674
305.742
307.726
309.743
325.682
327.483
331.568
333.568
337.553
341.505
349.391
355.326
359.428
361.312
363.196
365.33
371.316
375.167
377.235
385.187
393.157
395.041
400.96
402.894
410.93
412.914
414.915
424.752
426.786
438.707
440.758
442.625
446.544
448.661
458.498
462.499
466.534
468.451
474.37
480.356
482.24
484.391
486.275
492.177
494.228
496.212
500.263
504.148
