4.228
6.178
10.163
12.114
18.033
20.117
22.134
23.985
26.002
33.938
36.022
37.84
41.991
45.809
47.777
49.827
51.761
57.697
67.701
69.718
71.635
73.553
77.621
79.621
81.505
85.44
87.558
89.608
91.459
95.411
107.282
121.32
125.188
127.255
131.273
133.257
135.041
137.209
139.01
145.128
147.012
151.014
152.931
154.915
162.985
166.903
168.77
170.854
172.772
176.79
182.692
184.843
190.611
194.613
198.714
202.549
208.585
214.57
218.488
224.524
228.342
238.395
244.297
246.298
250.25
258.069
260.137
262.104
264.021
266.105
269.957
274.008
276.059
280.01
285.979
289.947
295.783
297.8
299.901
301.818
303.819
305.87
307.704
309.688
325.643
327.494
331.662
333.48
337.548
341.432
349.485
355.338
359.322
361.373
363.357
365.341
371.193
375.145
377.129
385.165
393.134
394.985
400.987
402.971
410.958
412.942
414.959
424.846
426.747
438.684
440.652
442.569
446.537
448.554
458.491
462.459
466.494
468.412
474.43
480.449
482.333
484.384
486.368
492.22
494.154
496.188
500.24
504.275
