4.118
6.252
10.137
12.021
18.056
20.007
22.108
24.125
26.026
33.945
36.013
37.863
41.882
45.85
47.934
49.851
51.785
57.737
67.624
69.625
71.742
73.576
77.695
79.545
81.663
85.498
87.548
89.399
91.45
95.518
107.422
121.194
125.245
127.296
131.214
133.248
135.149
137.066
139
145.003
147.137
150.988
153.072
154.923
162.893
166.894
168.845
170.779
172.813
176.798
182.683
184.751
190.636
194.638
198.656
202.474
208.559
214.478
218.546
224.432
228.35
238.32
244.206
246.206
250.158
258.077
260.112
262.062
264.113
266.13
269.982
274.033
275.884
280.052
285.804
289.789
295.791
297.775
299.859
301.827
303.811
305.712
307.796
309.63
325.669
327.62
331.471
333.422
337.473
341.441
349.478
355.296
359.331
361.182
363.166
365.25
371.302
375.187
377.054
384.974
392.91
395.094
401.03
402.897
410.867
412.868
414.768
424.772
426.839
438.577
440.628
442.528
446.563
448.597
458.568
462.369
466.337
468.405
474.273
480.292
482.26
484.21
486.161
492.213
494.281
496.248
500.066
504.134
