4.284
6.218
10.236
12.203
18.022
20.089
22.123
24.057
26.025
33.944
35.978
37.862
41.914
45.915
47.832
49.733
51.817
57.736
67.706
69.657
71.658
73.725
77.693
79.494
81.611
85.496
87.547
89.397
91.515
95.5
107.27
121.292
125.277
127.111
131.162
133.08
135.147
137.081
138.999
145.101
147.118
151.02
152.887
154.854
162.907
166.959
168.926
170.86
172.777
176.712
182.714
184.632
190.684
194.735
198.553
202.655
208.54
214.492
218.46
224.396
228.297
238.334
244.203
246.204
250.188
258.091
260.075
262.176
264.077
265.961
270.029
274.097
275.964
279.866
285.951
289.836
295.738
297.889
299.79
301.74
303.674
305.658
307.726
309.71
325.482
327.566
331.451
333.602
337.42
341.455
349.291
355.31
359.294
361.378
363.179
365.246
371.165
375.183
377.184
385.104
392.923
395.007
400.859
402.96
410.98
412.763
414.831
424.834
426.852
438.556
440.607
442.658
446.509
448.61
458.48
462.565
466.483
468.484
474.302
480.321
482.272
484.389
486.257
492.325
494.293
496.277
500.262
504.146
