4.179
6.18
10.115
12.099
17.968
20.102
21.969
23.937
26.104
34.007
35.874
37.875
41.943
45.778
47.829
49.763
51.697
57.782
67.603
69.704
71.688
73.572
77.673
79.557
81.641
85.493
87.477
89.511
91.462
95.38
107.367
121.239
125.174
127.241
131.176
133.094
135.228
137.028
139.029
145.131
147.099
150.933
153.068
155.018
162.804
166.939
168.79
170.807
172.892
176.86
182.762
184.629
190.765
194.716
198.634
202.519
208.521
214.54
218.375
224.51
228.379
238.316
244.234
246.235
250.303
258.09
260.124
262.124
264.042
266.009
270.061
274.045
275.929
280.014
285.866
289.801
295.803
297.771
299.722
301.806
303.823
305.79
307.791
309.742
325.581
327.498
331.583
333.567
337.519
341.387
349.456
355.442
359.327
361.344
363.278
365.196
371.248
375.116
377.167
385.086
392.956
394.957
401.009
403.026
410.862
412.847
414.864
424.718
426.802
438.623
440.723
442.607
446.609
448.61
458.53
462.565
466.466
468.4
474.419
480.438
482.239
484.239
486.29
492.342
494.31
496.277
500.112
504.23
