4.279
6.063
10.164
12.032
18.084
20.151
22.035
24.086
25.903
33.889
35.974
37.824
41.942
45.844
47.861
49.829
51.813
57.748
67.652
69.736
71.636
73.57
77.489
79.589
81.64
85.475
87.425
89.593
91.394
95.528
107.283
121.304
125.289
127.106
131.141
133.242
135.093
137.01
139.027
144.946
147.014
151.082
152.882
155.033
162.969
166.771
168.888
170.755
172.906
176.691
182.76
184.777
190.596
194.697
198.499
202.467
208.569
214.488
218.456
224.258
228.31
238.33
244.199
246.099
250.167
258.137
260.138
262.055
264.139
266.123
270.075
273.993
275.927
280.012
285.88
289.782
295.751
297.868
299.719
301.669
303.787
305.737
307.755
309.589
325.578
327.529
331.397
333.481
337.399
341.467
349.32
355.289
359.173
361.358
363.308
365.159
371.094
375.079
377.18
385.083
393.019
394.953
400.922
403.023
410.842
412.943
414.76
424.78
426.764
438.735
440.669
442.57
446.472
448.589
458.526
462.461
466.395
468.329
474.315
480.184
482.168
484.235
486.336
492.088
494.222
496.156
500.141
504.059
