4.247
6.215
10.2
12.134
18.069
20.12
22.004
24.105
26.106
33.942
35.876
37.86
41.962
45.913
47.831
49.798
51.732
57.801
67.738
69.689
71.673
73.524
77.675
79.493
81.593
85.495
87.612
89.58
91.547
95.399
107.253
121.258
125.193
127.161
131.179
133.096
135.047
137.031
139.098
144.951
146.968
151.036
152.987
154.871
162.891
166.876
168.893
170.794
172.844
176.663
182.732
184.682
190.651
194.536
198.554
202.539
208.591
214.41
218.512
224.281
228.382
238.319
244.238
246.155
250.09
258.06
260.044
262.045
264.112
266.03
269.914
273.966
275.85
279.968
285.837
289.839
295.808
297.675
299.642
301.693
303.694
305.761
307.662
309.596
325.485
327.42
331.488
333.388
337.39
341.341
349.278
355.363
359.182
361.232
363.216
365.267
371.136
375.104
377.005
384.958
392.978
394.845
400.847
402.848
410.801
412.702
414.802
424.623
426.79
438.662
440.562
442.646
446.581
448.515
458.502
462.404
466.389
468.273
474.308
480.161
482.245
484.262
486.213
492.148
494.099
496.1
500.018
504.136
