4.253
6.27
10.205
12.022
18.158
20.042
22.026
24.077
26.111
33.98
35.831
37.849
41.817
45.868
47.752
49.886
51.887
57.756
67.576
69.677
71.561
73.578
77.68
79.597
81.548
85.616
87.5
89.484
91.552
95.486
107.441
121.163
125.214
127.115
131.183
133.217
135.168
137.068
139.119
145.038
146.955
150.89
152.958
155.008
162.911
166.913
168.747
170.881
172.815
176.816
182.785
184.636
190.571
194.606
198.558
202.609
208.561
214.447
218.498
224.401
228.352
238.372
244.241
246.108
250.277
258.213
260.014
261.998
264.015
266.149
269.934
274.069
275.869
280.004
285.94
289.791
295.777
297.711
299.728
301.779
303.813
305.764
307.631
309.665
325.538
327.488
331.54
333.574
337.359
341.46
349.296
355.399
359.217
361.351
363.285
365.152
371.221
375.073
377.173
385.11
392.929
395.097
401.015
402.983
410.886
412.853
414.754
424.858
426.808
438.679
440.63
442.597
446.499
448.616
458.403
462.471
466.523
468.39
474.326
480.378
482.245
484.363
486.33
492.282
494.3
496.267
500.202
504.087
