4.23
6.181
10.133
12.017
18.052
20.12
22.104
24.004
25.938
33.841
35.909
37.976
41.861
45.746
47.863
49.881
51.881
57.667
67.654
69.621
71.589
73.656
77.674
79.541
81.492
85.494
87.544
89.478
91.529
95.497
107.335
121.14
125.175
127.192
131.06
133.161
135.045
137.029
139.08
145.016
146.966
150.951
152.952
154.953
162.855
166.79
168.858
170.708
172.726
176.761
182.813
184.63
190.649
194.65
198.485
202.47
208.572
214.424
218.443
224.278
228.263
238.3
244.252
246.269
250.071
257.974
260.041
262.109
264.126
265.96
270.078
273.863
275.914
279.982
285.867
289.719
295.704
297.838
299.639
301.723
303.691
305.691
307.659
309.643
325.632
327.599
331.501
333.535
337.336
341.421
349.407
355.309
359.294
361.328
363.312
365.196
371.065
375.117
377.151
384.987
393.057
394.941
400.943
402.844
410.897
412.897
414.848
424.702
426.652
438.673
440.658
442.575
446.46
448.527
458.431
462.349
466.5
468.451
474.337
480.189
482.273
484.324
486.141
492.193
494.277
496.211
500.079
504.114
