4.205
6.239
10.208
12.225
18.144
20.028
22.045
24.063
25.913
34.016
35.9
37.934
41.819
45.954
47.938
49.739
51.873
57.792
67.745
69.612
71.697
73.614
77.515
79.666
81.567
85.485
87.552
89.486
91.537
95.372
107.443
121.165
125.233
127.167
131.185
133.052
135.203
137.02
139.004
145.007
147.007
150.975
153.026
155.01
162.913
166.831
168.849
170.849
172.917
176.802
182.637
184.638
190.673
194.625
198.576
202.528
208.496
214.382
218.45
224.302
228.337
238.274
244.276
246.16
250.162
258.165
260.182
262.049
264.183
265.984
270.036
274.037
276.021
279.856
285.958
289.759
295.895
297.862
299.846
301.83
303.798
305.665
307.649
309.8
325.472
327.523
331.475
333.392
337.36
341.362
349.431
355.417
359.201
361.285
363.236
365.337
371.256
375.241
377.241
385.177
393.014
395.048
400.933
402.851
410.837
412.771
414.905
424.792
426.843
438.547
440.648
442.648
446.667
448.601
458.538
462.456
466.34
468.475
474.46
480.329
482.38
484.38
486.181
492.267
494.117
496.085
500.253
504.121
