4.18
6.13
10.098
12.199
18.068
20.035
21.953
23.97
25.904
33.924
35.858
37.875
41.927
45.745
47.862
49.846
51.747
57.699
67.619
69.704
71.721
73.672
77.673
79.524
81.658
85.576
87.61
89.477
91.428
95.413
107.367
121.322
125.24
127.258
131.176
133.193
135.061
137.095
139.145
144.964
146.948
151.033
152.984
155.035
162.771
166.739
168.756
170.74
172.891
176.826
182.661
184.662
190.531
194.649
198.517
202.485
208.554
214.389
218.391
224.443
228.378
238.231
244.217
246.168
250.069
258.005
260.073
261.99
263.958
265.925
270.026
273.861
275.945
279.897
285.715
289.817
295.719
297.77
299.637
301.605
303.622
305.606
307.64
309.557
325.397
327.497
331.515
333.483
337.451
341.419
349.205
355.207
359.242
361.143
363.277
365.111
371.063
375.098
377.049
384.918
392.921
394.855
400.874
402.791
410.844
412.762
414.679
424.649
426.583
438.688
440.505
442.656
446.607
448.441
458.445
462.413
466.348
468.349
474.234
480.32
482.32
484.188
486.122
492.124
494.241
496.209
500.143
504.012
