4.209
6.16
10.195
12.045
18.131
19.998
22.016
24
26.067
33.904
35.888
37.872
41.99
45.825
47.909
49.776
51.744
57.729
67.767
69.751
71.685
73.569
77.704
79.488
81.655
85.573
87.457
89.575
91.459
95.377
107.315
121.337
125.172
127.089
131.174
133.141
135.175
137.043
138.993
144.979
147.047
150.965
153.015
155
162.802
166.771
168.871
170.856
172.856
176.708
182.66
184.627
190.596
194.564
198.533
202.634
208.52
214.355
218.423
224.442
228.261
238.331
244.117
246.267
250.252
257.988
259.973
262.107
264.041
266.075
270.076
274.045
275.879
279.963
285.916
289.917
295.786
297.703
299.654
301.655
303.706
305.756
307.691
309.641
325.614
327.481
331.566
333.384
337.519
341.503
349.39
355.259
359.277
361.244
363.212
365.312
371.148
375.049
377.15
385.07
392.989
394.907
400.959
402.86
410.963
412.78
414.781
424.785
426.836
438.607
440.607
442.642
446.56
448.627
458.514
462.482
466.434
468.368
474.32
480.356
482.19
484.191
486.158
492.11
494.178
496.262
500.097
504.148
