4.207
6.126
9.991
12.11
18.028
19.92
21.973
23.932
25.891
33.767
35.713
37.752
41.631
45.709
47.655
49.601
51.506
57.397
67.246
69.219
71.311
73.15
77.175
79.108
81.2
85.145
86.984
89.01
91.063
95.061
106.869
120.623
124.621
126.487
130.512
132.391
134.377
136.456
138.482
144.426
146.319
150.237
152.343
154.115
162.192
166.083
168.056
170.055
171.881
176.012
181.863
183.822
189.646
193.671
197.736
201.495
207.599
213.503
217.328
223.298
227.123
236.999
243.09
244.929
248.901
256.897
258.79
260.789
262.815
264.68
268.705
272.69
274.61
278.461
284.432
288.39
294.441
296.333
298.226
300.318
302.331
304.25
306.209
308.102
323.975
325.907
329.972
331.798
335.903
339.728
347.644
353.589
357.56
359.586
361.518
363.584
369.382
373.38
375.246
383.202
391.092
393.118
399.075
401.061
408.831
410.83
412.829
422.652
424.798
436.512
438.538
440.391
444.509
446.362
456.171
460.156
464.047
466.02
472.07
477.894
479.947
481.999
483.892
489.743
491.835
493.874
497.659
501.618
