4.091
6.258
10.059
12.127
18.062
20.03
21.98
23.948
26.032
34.035
35.969
37.87
41.871
45.789
47.79
49.774
51.858
57.71
67.697
69.631
71.632
73.516
77.534
79.551
81.535
85.487
87.488
89.572
91.422
95.407
107.228
121.167
125.101
127.169
131.17
133.154
135.005
137.022
139.123
145.025
147.076
150.994
153.028
154.929
162.915
166.733
168.834
170.801
172.719
176.703
182.739
184.706
190.742
194.527
198.578
202.596
208.482
214.384
218.402
224.337
228.339
238.309
244.245
246.145
250.264
258.1
260.15
262.101
264.152
266.053
270.104
273.922
275.89
279.824
285.876
289.745
295.763
297.864
299.832
301.782
303.733
305.65
307.784
309.718
325.574
327.592
331.476
333.46
337.395
341.463
349.4
355.285
359.303
361.354
363.188
365.172
371.158
375.192
377.093
385.046
393.065
394.983
400.985
402.952
410.955
412.873
414.907
424.644
426.744
438.549
440.583
442.583
446.668
448.569
458.523
462.524
466.325
468.41
474.345
480.297
482.381
484.349
486.266
492.202
494.119
496.086
500.121
504.039
