4.178
6.195
10.147
12.031
18.133
20.034
21.934
24.069
26.053
34.005
35.973
37.99
41.842
45.793
47.827
49.778
51.745
57.664
67.668
69.568
71.569
73.67
77.571
79.505
81.456
85.507
87.408
89.392
91.493
95.361
107.349
121.154
125.289
127.256
131.124
133.058
135.092
137.11
139.094
145.079
147.096
151.065
152.949
154.849
162.869
166.904
168.754
170.722
172.722
176.707
182.643
184.793
190.746
194.53
198.582
202.5
208.602
214.571
218.389
224.358
228.393
238.28
244.315
246.216
250.167
258.203
260.004
261.988
264.172
265.973
269.941
273.942
275.977
280.011
285.847
289.765
295.767
297.818
299.718
301.653
303.837
305.687
307.755
309.605
325.495
327.629
331.613
333.431
337.466
341.384
349.47
355.255
359.323
361.324
363.292
365.159
371.178
375.196
377.23
385.066
393.002
395.036
400.972
402.923
410.759
412.843
414.81
424.747
426.648
438.552
440.603
442.504
446.605
448.539
458.493
462.411
466.429
468.446
474.382
480.267
482.201
484.286
486.153
492.205
494.172
496.206
500.175
504.076
