4.285
6.236
10.12
12.071
18.007
20.074
21.991
24.076
26.026
33.946
35.88
37.914
41.965
45.75
47.768
49.902
51.819
57.855
67.725
69.625
71.71
73.577
77.662
79.679
81.547
85.448
87.599
89.466
91.467
95.452
107.356
121.178
125.162
127.263
131.181
133.032
135.049
137.033
139.051
145.036
147.054
151.072
153.006
154.973
162.826
166.878
168.928
170.912
172.78
176.714
182.833
184.717
190.72
194.721
198.689
202.491
208.559
214.428
218.48
224.399
228.267
238.204
244.272
246.306
250.208
258.194
260.178
262.179
264.03
265.98
269.982
273.9
276.051
280.002
285.838
289.906
295.774
297.742
299.793
301.677
303.727
305.761
307.779
309.63
325.652
327.536
331.487
333.522
337.556
341.341
349.394
355.329
359.181
361.232
363.232
365.266
371.085
375.17
377.021
385.04
393.06
394.911
400.963
402.847
410.883
412.85
414.751
424.755
426.805
438.676
440.661
442.561
446.596
448.58
458.467
462.535
466.303
468.287
474.373
480.342
482.359
484.176
486.277
492.179
494.263
496.181
500.149
504.017
