4.271
6.255
10.073
12.107
18.076
20.127
21.978
24.028
26.046
33.982
35.899
37.883
41.851
45.903
47.77
49.904
51.772
57.824
67.727
69.695
71.562
73.713
77.648
79.498
81.599
85.584
87.485
89.585
91.536
95.487
107.392
121.347
125.215
127.266
131.25
133.084
135.235
137.169
139.186
145.039
147.039
150.941
152.891
154.925
162.978
166.813
168.764
170.915
172.915
176.85
182.652
184.786
190.655
194.64
198.708
202.576
208.628
214.397
218.482
224.434
228.485
238.289
244.308
246.258
250.193
258.129
260.147
262.131
263.998
265.982
270.084
274.118
276.102
280.071
285.956
289.824
295.926
297.927
299.728
301.712
303.779
305.847
307.697
309.631
325.704
327.521
331.589
333.623
337.425
341.476
349.462
355.381
359.366
361.233
363.317
365.335
371.153
375.172
377.189
385.192
393.128
395.062
401.014
402.881
410.834
412.935
414.802
424.689
426.857
438.661
440.595
442.596
446.581
448.598
458.502
462.386
466.404
468.538
474.291
480.326
482.41
484.394
486.378
492.18
494.231
496.232
500.117
504.201
