4.226
6.093
10.128
12.095
18.131
20.148
22.115
24.016
26
33.97
35.887
37.971
41.956
45.874
47.875
49.809
51.743
57.778
67.665
69.733
71.567
73.584
77.552
79.636
81.47
85.455
87.606
89.54
91.457
95.375
107.363
121.168
125.303
127.137
131.188
133.205
135.206
137.09
139.024
144.943
147.01
151.045
153.079
154.863
162.916
166.768
168.952
170.769
172.82
176.855
182.757
184.707
190.626
194.728
198.712
202.63
208.549
214.518
218.52
224.438
228.306
238.277
244.295
246.33
250.298
258.134
260.101
262.169
264.153
266.087
270.071
273.99
276.04
279.892
285.81
289.945
295.747
297.898
299.882
301.833
303.7
305.818
307.802
309.752
325.608
327.642
331.527
333.561
337.512
341.547
349.3
355.419
359.337
361.221
363.372
365.222
371.141
375.243
377.11
385.213
393.016
395.05
401.085
403.019
410.989
412.923
414.907
424.827
426.761
438.599
440.733
442.634
446.668
448.702
458.506
462.574
466.426
468.476
474.312
480.347
482.431
484.232
486.333
492.251
494.336
496.153
500.238
504.172
