4.26
6.127
10.245
12.229
18.065
20.016
22.033
24.05
25.984
33.887
36.005
37.956
41.94
45.808
47.742
49.743
51.911
57.813
67.733
69.717
71.634
73.669
77.653
79.537
81.638
85.523
87.59
89.508
91.458
95.443
107.297
121.336
125.287
127.155
131.189
133.19
135.058
137.192
139.026
145.028
147.145
150.947
153.031
154.981
162.968
166.986
168.837
170.804
172.805
176.823
182.808
184.842
190.694
194.563
198.547
202.632
208.568
214.42
218.405
224.373
228.442
238.395
244.314
246.248
250.149
258.086
260.136
262.037
264.055
266.072
269.99
274.041
275.942
280.044
286.013
289.964
295.883
297.934
299.884
301.768
303.786
305.87
307.804
309.805
325.66
327.561
331.596
333.513
337.415
341.433
349.519
355.354
359.406
361.29
363.374
365.225
371.26
375.178
377.146
385.115
393.068
395.052
401.038
403.072
410.925
412.925
414.993
424.746
426.78
438.801
440.719
442.636
446.654
448.638
458.625
462.41
466.578
468.546
474.381
480.4
482.334
484.251
486.402
492.188
494.305
496.272
500.307
504.159
