4.278
6.062
10.064
12.048
18.067
20.134
21.935
24.069
25.919
33.856
35.94
37.99
41.842
45.927
47.727
49.795
51.779
57.798
67.635
69.569
71.569
73.537
77.605
79.672
81.556
85.541
87.592
89.392
91.543
95.495
107.382
121.171
125.306
127.206
131.224
133.092
135.193
137.16
139.111
144.979
147.013
150.932
152.999
154.966
162.953
166.971
168.855
170.755
172.89
176.891
182.776
184.644
190.746
194.581
198.599
202.65
208.453
214.521
218.556
224.458
228.46
238.313
244.299
246.316
250.251
258.221
260.038
262.122
264.073
265.973
270.058
274.076
275.994
279.879
285.914
289.899
295.784
297.835
299.819
301.753
303.821
305.738
307.822
309.623
325.612
327.529
331.547
333.431
337.483
341.368
349.287
355.406
359.224
361.291
363.276
365.326
371.212
375.113
377.114
385.117
393.053
395.087
400.989
403.007
410.91
412.777
414.928
424.681
426.765
438.57
440.537
442.554
446.639
448.473
458.544
462.462
466.33
468.414
474.433
480.301
482.252
484.27
486.237
492.323
494.14
496.191
500.259
504.043
