4.26
6.178
10.029
12.063
18.149
20.033
21.967
24.034
26.052
33.904
35.972
37.839
41.824
45.892
47.926
49.843
51.894
57.846
67.583
69.617
71.651
73.619
77.487
79.554
81.488
85.623
87.54
89.424
91.408
95.393
107.347
121.219
125.237
127.238
131.256
133.207
135.091
137.141
139.092
145.028
146.995
150.996
153.014
155.031
162.967
166.802
168.836
170.853
172.771
176.739
182.758
184.708
190.611
194.545
198.647
202.582
208.434
214.569
218.504
224.456
228.324
238.194
244.23
246.264
250.249
258.101
260.036
262.07
264.02
266.071
269.889
273.89
275.908
279.893
285.911
289.88
295.882
297.749
299.7
301.7
303.635
305.752
307.669
309.737
325.492
327.476
331.561
333.512
337.43
341.331
349.384
355.37
359.238
361.272
363.223
365.29
371.275
375.227
377.178
385.03
393.017
395.067
401.036
402.82
410.756
412.924
414.774
424.678
426.679
438.65
440.534
442.668
446.536
448.653
458.457
462.358
466.476
468.46
474.279
480.315
482.182
484.366
486.267
492.152
494.203
496.12
500.188
504.123
