4.242
6.143
10.227
12.145
18.014
20.164
21.948
24.049
26.05
33.853
35.87
38.004
41.805
45.924
47.908
49.908
51.792
57.861
67.598
69.632
71.633
73.734
77.702
79.502
81.553
85.505
87.489
89.523
91.457
95.475
107.279
121.284
125.269
127.186
131.104
133.205
135.106
137.156
139.04
145.043
147.127
151.045
153.079
155.013
162.832
166.834
168.935
170.769
172.769
176.821
182.773
184.807
190.792
194.677
198.529
202.513
208.532
214.501
218.402
224.505
228.456
238.376
244.262
246.296
250.114
258.1
260.167
262.051
264.035
266.003
270.138
274.056
276.073
279.941
285.927
289.978
295.897
297.764
299.832
301.699
303.716
305.75
307.835
309.685
325.591
327.475
331.493
333.61
337.512
341.48
349.316
355.268
359.303
361.237
363.271
365.205
371.174
375.109
377.159
385.146
393.132
395.116
400.901
402.885
410.805
412.839
414.906
424.81
426.844
438.648
440.732
442.75
446.668
448.518
458.539
462.523
466.458
468.376
474.328
480.397
482.314
484.398
486.382
492.251
494.235
496.152
500.087
504.105
