4.154
6.088
10.156
12.14
18.176
20.027
22.077
24.128
25.945
33.998
35.982
37.867
41.985
45.886
47.804
49.904
51.788
57.757
67.627
69.678
71.562
73.596
77.581
79.565
81.516
85.501
87.535
89.402
91.503
95.404
107.259
121.181
125.232
127.166
131.168
133.102
135.086
137.086
139.02
145.123
147.023
151.058
152.876
154.993
162.796
166.947
168.831
170.782
172.816
176.801
182.72
184.604
190.706
194.674
198.526
202.46
208.479
214.548
218.416
224.469
228.353
238.207
244.226
246.193
250.178
258.148
260.065
262.099
264.133
266.084
270.069
273.87
276.054
279.956
285.891
289.826
295.745
297.762
299.696
301.68
303.681
305.682
307.716
309.733
325.556
327.607
331.608
333.425
337.427
341.412
349.281
355.25
359.268
361.236
363.203
365.237
371.256
375.141
377.241
385.094
393.114
394.965
401.017
402.834
410.937
412.821
414.772
424.692
426.676
438.747
440.565
442.682
446.634
448.584
458.471
462.406
466.341
468.475
474.394
480.313
482.38
484.381
486.298
492.25
494.101
496.202
500.187
504.222
