4.243
6.177
10.062
12.162
18.181
20.049
21.949
23.95
26.117
33.937
36.021
37.872
41.857
45.825
47.792
49.91
51.71
57.729
67.583
69.583
71.618
73.585
77.586
79.47
81.455
85.556
87.507
89.424
91.425
95.36
107.264
121.186
125.254
127.055
131.056
133.174
134.991
137.058
139.092
144.995
146.979
150.863
152.897
154.831
162.901
166.736
168.87
170.837
172.705
176.656
182.642
184.709
190.611
194.613
198.614
202.616
208.418
214.487
218.322
224.29
228.325
238.329
244.198
246.165
250.1
257.969
260.02
262.088
264.022
265.972
269.941
273.859
275.909
279.994
285.946
289.915
295.767
297.701
299.718
301.636
303.77
305.687
307.721
309.555
325.444
327.612
331.446
333.514
337.365
341.467
349.37
355.372
359.223
361.291
363.242
365.242
371.178
375.079
377.097
385.016
392.952
394.953
400.989
402.923
410.859
412.826
414.76
424.697
426.732
438.519
440.687
442.687
446.489
448.523
458.51
462.478
466.429
468.364
474.399
480.385
482.302
484.169
486.153
492.156
494.223
496.19
500.175
504.127
