4.292
6.109
10.061
12.178
18.064
20.148
22.115
23.966
26
34.02
36.004
37.855
41.889
45.858
47.842
49.859
51.76
57.845
67.732
69.733
71.567
73.735
77.553
79.537
81.671
85.556
87.606
89.574
91.458
95.576
107.28
121.336
125.254
127.138
131.239
133.257
135.174
137.192
139.076
145.044
146.978
151.03
153.031
154.898
163.001
166.969
168.937
170.887
172.888
176.856
182.725
184.793
190.628
194.68
198.681
202.599
208.518
214.487
218.588
224.341
228.409
238.312
244.381
246.232
250.334
258.253
260.087
262.238
264.089
266.056
270.074
274.059
276.126
280.045
285.897
289.932
295.934
297.885
299.802
301.919
303.753
305.704
307.672
309.656
325.578
327.629
331.58
333.598
337.633
341.584
349.42
355.306
359.274
361.258
363.376
365.31
371.178
375.313
377.164
385.25
393.07
395.087
401.04
403.057
410.91
412.977
414.861
424.815
426.899
438.637
440.621
442.655
446.556
448.707
458.661
462.512
466.514
468.381
474.483
480.386
482.453
484.27
486.438
492.357
494.174
496.358
500.26
504.278
