4.178
6.079
10.18
12.181
18
20.051
21.951
24.069
26.069
33.839
35.89
37.84
41.925
45.893
47.744
49.911
51.695
57.731
67.768
69.602
71.569
73.653
77.521
79.655
81.556
85.524
87.575
89.509
91.576
95.494
107.298
121.253
125.305
127.255
131.207
133.191
135.192
137.042
139.193
145.078
146.979
150.997
152.898
154.882
162.985
166.753
168.937
170.804
172.905
176.673
182.692
184.643
190.578
194.713
198.697
202.632
208.568
214.42
218.538
224.29
228.375
238.212
244.214
246.264
250.233
258.085
260.036
262.17
264.171
265.988
270.04
273.908
275.942
279.893
285.945
289.763
295.765
297.733
299.733
301.851
303.785
305.786
307.786
309.787
325.609
327.61
331.561
333.429
337.48
341.482
349.301
355.37
359.288
361.272
363.189
365.173
371.176
375.227
377.061
385.047
393
394.917
400.903
402.853
410.923
412.89
414.774
424.745
426.795
438.7
440.584
442.651
446.502
448.553
458.49
462.425
466.509
468.477
474.396
480.298
482.332
484.232
486.25
492.319
494.169
496.203
500.255
504.039
