4.11
6.077
10.179
12.196
17.998
20.066
22.05
24.117
26.018
33.937
35.988
37.855
41.974
45.925
47.826
49.743
51.827
57.812
67.616
69.633
71.701
73.568
77.503
79.537
81.654
85.572
87.54
89.474
91.408
95.543
107.313
121.168
125.236
127.254
131.172
133.056
135.157
137.041
138.991
144.993
146.994
150.996
152.963
154.98
162.883
166.785
168.919
170.719
172.82
176.721
182.69
184.741
190.66
194.711
198.679
202.564
208.549
214.502
218.453
224.338
228.306
238.327
244.295
246.279
250.131
258.217
260.134
262.185
264.119
266.137
270.005
274.006
275.957
279.875
285.844
289.912
295.764
297.764
299.732
301.682
303.717
305.734
307.585
309.569
325.641
327.425
331.543
333.41
337.379
341.43
349.399
355.252
359.186
361.17
363.271
365.255
371.257
375.059
377.093
385.062
392.948
394.932
401.034
403.019
410.855
412.905
414.923
424.793
426.677
438.631
440.665
442.699
446.501
448.518
458.522
462.39
466.358
468.375
474.311
480.196
482.363
484.181
486.298
492.234
494.184
496.068
500.17
504.205
