4.095
6.212
10.197
12.064
18.166
20.134
21.968
24.035
25.919
33.889
35.906
37.807
41.908
45.81
47.794
49.894
51.695
57.814
67.767
69.635
71.569
73.636
77.571
79.472
81.456
85.59
87.508
89.542
91.359
95.327
107.315
121.103
125.071
127.139
131.207
133.024
135.042
136.976
138.976
144.895
147.046
150.864
152.848
154.815
162.785
166.736
168.77
170.671
172.822
176.807
182.609
184.626
190.645
194.563
198.448
202.466
208.385
214.47
218.288
224.224
228.308
238.179
244.114
246.165
250.116
258.052
260.036
261.97
263.971
266.022
269.873
273.958
275.809
279.96
285.862
289.68
295.632
297.817
299.684
301.718
303.602
305.619
307.537
309.704
325.393
327.411
331.362
333.446
337.481
341.316
349.202
355.221
359.289
361.273
363.157
365.191
371.076
375.178
377.078
384.998
393.001
394.818
400.887
402.921
410.857
412.775
414.692
424.679
426.596
438.617
440.501
442.419
446.487
448.504
458.391
462.276
466.394
468.311
474.18
480.265
482.266
484.067
486.218
492.17
494.17
496.138
500.023
504.007
