4.23
6.114
10.048
12.016
18.168
19.969
22.036
23.92
26.021
33.94
35.824
38.009
41.843
45.828
47.895
49.729
51.88
57.816
67.736
69.72
71.654
73.521
77.59
79.474
81.441
85.576
87.543
89.411
91.428
95.329
107.367
121.289
125.257
127.224
131.176
133.193
135.027
137.061
139.012
145.047
146.965
151.016
152.95
154.934
162.937
166.855
168.773
170.907
172.791
176.659
182.761
184.779
190.581
194.566
198.534
202.485
208.587
214.356
218.508
224.376
228.344
238.281
244.267
246.118
250.102
258.055
260.056
262.007
263.957
266.092
270.11
273.978
275.945
279.88
285.949
289.85
295.886
297.853
299.754
301.755
303.789
305.656
307.74
309.624
325.563
327.581
331.399
333.383
337.401
341.469
349.372
355.241
359.175
361.293
363.277
365.144
371.146
375.065
377.115
385.168
392.971
394.955
400.974
402.858
410.961
412.778
414.896
424.683
426.833
438.571
440.688
442.522
446.541
448.625
458.495
462.43
466.314
468.499
474.434
480.386
482.304
484.338
486.205
492.174
494.191
496.159
500.043
504.195
