4.272
6.173
10.124
12.225
18.177
20.078
22.145
24.13
26.114
34
35.917
37.968
41.986
45.954
47.738
49.822
51.74
57.758
67.645
69.596
71.747
73.698
77.649
79.55
81.584
85.585
87.553
89.57
91.554
95.539
107.343
121.298
125.266
127.134
131.135
133.169
135.103
137.204
139.088
145.14
147.091
150.942
152.893
155.01
162.847
166.815
168.832
170.8
172.75
176.718
182.771
184.755
190.74
194.575
198.66
202.661
208.497
214.549
218.367
224.336
228.27
238.374
244.226
246.127
250.095
258.065
260.099
262.066
264.167
265.984
270.069
274.07
275.871
279.989
285.941
289.843
295.878
297.796
299.73
301.731
303.715
305.782
307.683
309.65
325.506
327.507
331.541
333.542
337.56
341.462
349.298
355.317
359.285
361.236
363.186
365.154
371.106
375.207
377.058
385.128
392.98
395.014
401
402.967
410.904
412.821
414.822
424.709
426.693
438.564
440.564
442.665
446.583
448.484
458.588
462.472
466.541
468.408
474.343
480.412
482.313
484.264
486.298
492.2
494.134
496.235
500.086
504.138
