4.159
6.176
10.078
12.195
18.114
19.998
22.099
24.133
26.1
33.853
35.854
38.004
41.923
45.807
47.825
49.809
51.91
57.662
67.715
69.716
71.617
73.734
77.586
79.57
81.537
85.489
87.506
89.49
91.441
95.476
107.447
121.152
125.236
127.221
131.189
133.156
135.123
137.224
139.075
145.01
147.028
151.013
152.98
154.881
163.017
166.968
168.769
170.953
172.754
176.789
182.658
184.708
190.644
194.579
198.613
202.698
208.55
214.419
218.487
224.49
228.491
238.345
244.23
246.148
250.216
258.219
260.119
262.087
264.004
266.155
270.073
273.908
275.975
279.893
285.929
289.797
295.783
297.7
299.801
301.701
303.735
305.653
307.67
309.721
325.493
327.544
331.512
333.53
337.498
341.499
349.369
355.388
359.373
361.223
363.291
365.258
371.277
375.162
377.262
385.199
393.085
394.952
401.055
403.055
410.791
412.909
414.76
424.747
426.781
438.652
440.719
442.737
446.521
448.539
458.459
462.427
466.395
468.429
474.432
480.334
482.334
484.302
486.186
492.305
494.189
496.156
500.174
504.176
