4.082
6.266
10.167
12.085
18.003
20.154
21.938
23.939
26.106
33.993
35.893
37.844
41.862
45.847
47.831
49.715
51.766
57.734
67.588
69.622
71.623
73.54
77.575
79.576
81.476
85.594
87.495
89.429
91.363
95.481
107.352
121.14
125.125
127.209
131.061
133.145
135.096
137.03
139.147
144.916
147.016
150.885
152.985
154.886
162.872
166.807
168.841
170.842
172.842
176.794
182.796
184.663
190.682
194.5
198.668
202.503
208.539
214.507
218.375
224.294
228.229
238.166
244.118
246.169
250.17
258.123
260.057
262.041
264.109
265.993
269.911
273.862
275.946
279.848
285.833
289.701
295.753
297.687
299.688
301.622
303.573
305.573
307.741
309.642
325.481
327.431
331.349
333.367
337.318
341.42
349.389
355.308
359.276
361.26
363.278
365.278
371.214
375.065
377.049
384.985
392.955
394.872
400.908
402.842
410.728
412.695
414.796
424.583
426.65
438.571
440.505
442.606
446.507
448.425
458.462
462.346
466.315
468.349
474.251
480.286
482.287
484.204
486.155
492.124
494.158
496.192
500.027
504.028
