4.266
6.133
10.235
12.152
18.104
20.155
22.022
23.973
25.99
33.893
35.961
37.878
41.879
45.781
47.832
49.899
51.85
57.785
67.605
69.539
71.524
73.691
77.576
79.56
81.527
85.479
87.546
89.58
91.431
95.365
107.353
121.158
125.059
127.194
131.212
133.062
134.98
136.98
139.148
145.083
147.067
150.852
152.836
154.97
162.773
166.791
168.692
170.709
172.66
176.628
182.73
184.581
190.633
194.518
198.569
202.554
208.539
214.392
218.293
224.295
228.33
238.234
244.186
246.086
250.021
258.007
260.058
262.042
264.059
265.994
269.962
273.98
275.83
279.815
285.801
289.702
295.788
297.772
299.589
301.573
303.724
305.708
307.608
309.709
325.532
327.566
331.417
333.351
337.453
341.287
349.374
355.342
359.294
361.094
363.262
365.079
371.031
375.133
377.15
385.07
392.906
394.923
400.909
402.759
410.896
412.763
414.73
424.651
426.585
438.489
440.523
442.59
446.559
448.443
458.379
462.314
466.399
468.25
474.369
480.121
482.155
484.189
486.206
492.092
494.176
496.126
500.044
504.096
