4.093
6.26
10.078
12.079
18.048
20.015
21.982
23.983
25.934
33.887
36.004
37.988
41.806
45.774
47.758
49.859
51.91
57.679
67.599
69.6
71.6
73.651
77.502
79.57
81.671
85.522
87.556
89.44
91.574
95.476
107.396
121.285
125.32
127.137
131.222
133.222
135.207
137.107
139.041
144.96
147.011
151.096
153.013
155.08
162.833
166.951
168.902
170.803
172.853
176.721
182.69
184.674
190.66
194.611
198.646
202.497
208.55
214.568
218.386
224.505
228.323
238.21
244.312
246.23
250.165
258.134
260.201
262.135
264.086
266.104
270.155
274.023
275.924
280.042
285.861
289.829
295.764
297.765
299.816
301.866
303.85
305.768
307.785
309.719
325.658
327.542
331.66
333.628
337.413
341.397
349.4
355.436
359.287
361.321
363.222
365.239
371.225
375.309
377.11
385.213
393.083
395.05
401.035
403.053
410.956
412.856
414.807
424.777
426.745
438.616
440.766
442.567
446.602
448.619
458.573
462.524
466.576
468.56
474.512
480.414
482.448
484.382
486.283
492.268
494.286
496.17
500.121
504.106
