4.13
6.081
10.116
12.116
18.085
20.053
22.07
24.037
26.005
33.941
36.025
37.826
41.894
45.779
47.879
49.913
51.714
57.783
67.62
69.687
71.538
73.572
77.657
79.491
81.475
85.443
87.544
89.428
91.379
95.43
107.334
121.156
125.091
127.108
131.143
133.044
135.128
137.129
139.146
145.015
147.015
150.934
153.001
154.902
162.955
166.756
168.723
170.857
172.775
176.71
182.745
184.646
190.565
194.516
198.601
202.536
208.354
214.423
218.408
224.244
228.328
238.165
244.184
246.185
250.153
258.106
260.057
261.924
263.958
265.959
270.044
273.862
275.812
279.814
285.933
289.817
295.786
297.637
299.704
301.789
303.656
305.757
307.557
309.575
325.614
327.481
331.549
333.45
337.468
341.42
349.273
355.325
359.326
361.194
363.178
365.095
371.247
375.182
377.133
385.052
392.922
394.856
400.858
402.825
410.828
412.746
414.88
424.6
426.734
438.688
440.489
442.49
446.541
448.575
458.479
462.397
466.465
468.299
474.268
480.304
482.221
484.205
486.306
492.058
494.059
496.043
500.111
504.162
