4.114
6.199
10.2
12.084
18.136
20.004
22.138
24.055
26.023
33.842
36.026
37.844
41.795
45.88
47.881
49.815
51.865
57.751
67.571
69.639
71.689
73.707
77.508
79.676
81.526
85.478
87.612
89.513
91.497
95.348
107.352
121.191
125.209
127.226
131.228
133.179
135.096
137.03
139.181
144.966
147.034
150.919
153.003
155.003
162.84
166.808
168.858
170.742
172.877
176.761
182.647
184.698
190.717
194.718
198.703
202.471
208.456
214.509
218.543
224.362
228.414
238.267
244.136
246.237
250.238
258.158
260.009
262.143
264.01
266.044
269.946
274.031
275.898
279.933
285.902
289.82
295.789
297.789
299.89
301.724
303.775
305.842
307.71
309.81
325.5
327.484
331.452
333.552
337.454
341.372
349.342
355.377
359.395
361.196
363.18
365.231
371.283
375.234
377.119
385.205
393.024
395.025
400.894
402.995
410.931
412.848
414.866
424.769
426.853
438.708
440.575
442.726
446.711
448.678
458.498
462.55
466.518
468.485
474.404
480.357
482.307
484.225
486.225
492.244
494.262
496.229
500.247
504.049
