4.086
6.104
10.122
12.106
17.991
19.975
22.093
24.077
26.044
34.014
35.948
37.848
41.833
45.918
47.935
49.736
51.703
57.706
67.659
69.61
71.577
73.661
77.646
79.48
81.598
85.549
87.416
89.55
91.551
95.469
107.307
121.228
125.147
127.181
131.265
133.133
135.233
137.218
139.052
145.12
147.038
150.906
152.89
155.041
162.927
166.828
168.896
170.78
172.847
176.865
182.751
184.768
190.72
194.571
198.64
202.674
208.593
214.429
218.447
224.316
228.317
238.354
244.339
246.14
250.225
258.128
260.062
262.029
264.047
266.114
270.115
274.117
275.901
279.952
285.888
289.806
295.808
297.825
299.859
301.827
303.744
305.711
307.829
309.696
325.602
327.669
331.554
333.438
337.44
341.408
349.477
355.429
359.397
361.331
363.199
365.35
371.168
375.236
377.254
385.14
392.96
394.977
400.896
402.963
410.883
412.883
414.917
424.888
426.722
438.609
440.76
442.661
446.612
448.58
458.433
462.568
466.386
468.37
474.439
480.341
482.308
484.376
486.31
492.345
494.346
496.28
500.265
504.116
