4.162
6.213
10.164
12.082
17.967
19.984
22.002
23.919
25.937
33.939
35.99
37.858
41.776
45.877
47.844
49.795
51.796
57.831
67.718
69.652
71.653
73.62
77.605
79.506
81.523
85.441
87.409
89.51
91.46
95.345
107.266
121.254
125.256
127.256
131.158
133.192
135.126
137.193
138.994
145.096
147.08
150.915
152.966
154.883
162.953
166.754
168.771
170.856
172.69
176.674
182.76
184.761
190.546
194.614
198.616
202.517
208.386
214.355
218.506
224.275
228.226
238.28
244.282
246.116
250.234
258.087
260.038
262.122
263.922
266.007
270.008
273.876
275.943
279.928
285.847
289.765
295.751
297.718
299.702
301.669
303.603
305.754
307.722
309.606
325.511
327.562
331.514
333.398
337.416
341.284
349.32
355.189
359.174
361.208
363.108
365.259
371.161
375.113
376.997
384.933
393.002
395.036
400.889
402.956
410.775
412.76
414.694
424.614
426.715
438.535
440.67
442.57
446.488
448.572
458.526
462.377
466.446
468.413
474.198
480.251
482.185
484.269
486.303
492.071
494.222
496.123
500.041
504.059
