4.124
6.225
10.143
12.11
18.112
20.163
22.147
24.014
26.065
33.885
35.919
37.953
41.838
45.806
47.873
49.724
51.908
57.727
67.647
69.715
71.732
73.533
77.684
79.535
81.519
85.537
87.538
89.589
91.489
95.391
107.395
121.35
125.302
127.152
131.12
133.221
135.122
137.223
139.023
144.992
147.076
151.094
153.045
154.879
162.865
166.85
168.818
170.802
172.936
176.737
182.773
184.64
190.759
194.694
198.679
202.513
208.566
214.484
218.536
224.421
228.44
238.227
244.212
246.329
250.114
258.167
260.151
262.035
264.103
266.07
270.088
273.923
276.107
280.025
285.977
289.862
295.848
297.865
299.732
301.833
303.751
305.685
307.852
309.653
325.659
327.676
331.544
333.528
337.513
341.531
349.334
355.303
359.421
361.305
363.239
365.257
371.142
375.16
377.261
385.031
393.1
395.068
400.953
402.937
410.873
412.907
414.908
424.912
426.846
438.75
440.618
442.568
446.687
448.537
458.608
462.559
466.544
468.545
474.463
480.349
482.45
484.284
486.268
492.253
494.237
496.321
500.256
504.241
