4.203
6.07
10.038
12.072
18.174
20.025
22.093
24.043
26.011
33.897
35.848
37.982
41.8
45.935
47.819
49.803
51.887
57.823
67.593
69.727
71.711
73.679
77.497
79.564
81.615
85.466
87.417
89.551
91.419
95.403
107.408
121.313
125.131
127.265
131.183
133.101
135.135
137.119
139.12
145.055
147.056
151.074
153.058
155.042
162.779
166.93
168.781
170.848
172.799
176.867
182.803
184.587
190.622
194.69
198.575
202.543
208.512
214.364
218.316
224.452
228.27
238.307
244.192
246.16
250.078
258.114
260.165
262.049
264
265.967
269.902
273.853
275.971
279.806
285.791
289.876
295.728
297.762
299.713
301.797
303.581
305.649
307.666
309.567
325.439
327.39
331.475
333.492
337.46
341.362
349.282
355.267
359.169
361.219
363.12
365.138
371.173
375.041
377.075
385.095
393.015
395.015
400.851
402.885
410.721
412.689
414.856
424.76
426.627
438.498
440.599
442.483
446.585
448.402
458.406
462.457
466.342
468.293
474.295
480.164
482.165
484.199
486.233
492.152
494.186
496.07
500.071
504.089
