4.258
6.142
10.16
12.111
18.03
20.014
21.965
24.082
25.933
34.002
35.986
38.02
41.888
45.923
47.824
49.775
51.792
57.811
67.781
69.615
71.682
73.6
77.701
79.569
81.636
85.604
87.438
89.455
91.59
95.474
107.329
121.2
125.302
127.219
131.154
133.121
135.222
137.123
139.073
145.109
146.993
151.011
153.028
154.979
162.965
166.983
168.867
170.901
172.852
176.737
182.822
184.823
190.725
194.643
198.661
202.529
208.448
214.5
218.552
224.387
228.472
238.209
244.244
246.162
250.197
258.249
260.067
262.201
264.052
266.152
270.087
273.972
276.039
279.991
285.943
289.894
295.88
297.914
299.748
301.748
303.749
305.683
307.851
309.801
325.707
327.574
331.576
333.476
337.511
341.546
349.432
355.318
359.336
361.286
363.321
365.188
371.157
375.275
377.142
385.228
392.981
395.065
401.034
403.001
410.921
412.905
414.989
424.859
426.743
438.714
440.748
442.732
446.617
448.518
458.588
462.573
466.374
468.525
474.427
480.379
482.347
484.231
486.248
492.284
494.151
496.218
500.186
504.188
