4.121
6.272
10.24
12.174
17.993
20.094
22.062
24.012
25.913
33.999
36
37.951
41.902
45.854
47.788
49.739
51.873
57.709
67.629
69.73
71.714
73.615
77.7
79.55
81.501
85.519
87.42
89.604
91.555
95.356
107.294
121.25
125.218
127.302
131.154
133.121
135.172
137.089
139.173
145.126
147.126
151.078
153.079
154.913
162.816
166.817
168.935
170.836
172.736
176.854
182.773
184.724
190.626
194.611
198.696
202.548
208.6
214.552
218.537
224.406
228.474
238.362
244.214
246.231
250.216
258.036
260.137
262.171
264.171
266.006
269.957
274.042
276.043
279.861
285.947
289.781
295.817
297.868
299.702
301.886
303.853
305.838
307.688
309.772
325.612
327.629
331.514
333.582
337.45
341.435
349.454
355.407
359.258
361.342
363.276
365.31
371.263
375.148
377.182
385.168
392.971
394.939
400.958
402.908
410.845
412.862
414.913
424.833
426.801
438.572
440.689
442.574
446.508
448.693
458.596
462.415
466.383
468.517
474.419
480.371
482.356
484.373
486.307
492.159
494.143
496.261
500.212
504.164
