4.189
6.106
10.075
12.025
18.094
19.978
22.112
24.113
26.08
33.867
36.017
37.885
41.786
45.838
47.788
49.906
51.806
57.675
67.712
69.579
71.697
73.581
77.666
79.683
81.501
85.619
87.536
89.42
91.504
95.522
107.427
121.282
125.283
127.184
131.135
133.153
135.053
137.154
139.121
144.974
147.091
150.942
152.893
154.911
162.813
166.748
168.816
170.916
172.75
176.869
182.637
184.721
190.674
194.608
198.51
202.595
208.463
214.566
218.5
224.286
228.421
238.308
244.276
246.16
250.279
258.215
260.082
262.083
264.017
266.001
270.036
274.087
275.971
279.939
285.892
289.893
295.912
297.863
299.68
301.764
303.698
305.799
307.7
309.767
325.473
327.523
331.558
333.576
337.377
341.528
349.298
355.267
359.335
361.169
363.336
365.27
371.289
375.241
377.191
385.144
392.964
395.081
400.883
402.934
410.97
412.904
414.939
424.825
426.693
438.597
440.548
442.632
446.533
448.517
458.438
462.356
466.357
468.341
474.443
480.329
482.196
484.347
486.214
492.2
494.117
496.151
500.186
504.204
