4.287
6.154
10.222
12.173
18.075
20.042
22.143
24.044
26.028
33.898
35.882
37.832
41.867
45.935
47.836
49.887
51.721
57.773
67.61
69.627
71.661
73.712
77.597
79.664
81.565
85.5
87.484
89.434
91.435
95.42
107.391
121.246
125.114
127.115
131.166
133.184
135.151
137.068
139.002
145.038
146.989
150.923
152.891
154.975
162.894
166.779
168.83
170.797
172.765
176.8
182.652
184.636
190.605
194.606
198.607
202.542
208.594
214.413
218.431
224.45
228.402
238.289
244.307
246.291
250.243
258.146
260.18
261.997
264.115
266.115
269.933
274.068
276.002
279.937
285.772
289.874
295.793
297.744
299.744
301.778
303.796
305.68
307.58
309.698
325.454
327.504
331.439
333.54
337.358
341.426
349.229
355.231
359.149
361.15
363.284
365.251
371.204
375.205
377.139
384.942
393.078
394.896
400.864
402.932
410.768
412.902
414.819
424.723
426.607
438.545
440.529
442.513
446.581
448.548
458.452
462.437
466.472
468.472
474.324
480.31
482.261
484.311
486.295
492.198
494.132
496.199
500.017
504.035
