4.084
6.252
10.12
12.204
17.989
20.04
22.124
23.991
26.042
33.845
35.929
37.913
41.831
45.916
47.767
49.834
51.801
57.737
67.757
69.591
71.559
73.643
77.544
79.645
81.445
85.464
87.398
89.432
91.499
95.484
107.421
121.176
125.161
127.262
131.047
133.081
135.048
137.015
138.983
145.018
146.969
151.02
153.038
155.022
162.858
166.743
168.827
170.861
172.728
176.813
182.699
184.699
190.551
194.569
198.638
202.522
208.541
214.51
218.328
224.397
228.348
238.202
244.271
246.171
250.073
258.026
260.01
262.144
263.961
266.079
270.047
273.915
275.965
279.934
285.919
289.837
295.773
297.857
299.674
301.691
303.659
305.81
307.627
309.611
325.6
327.634
331.569
333.403
337.538
341.489
349.292
355.344
359.229
361.33
363.28
365.281
371.25
375.051
377.085
385.021
392.974
394.892
400.877
403.011
410.947
412.748
414.916
424.719
426.636
438.657
440.608
442.559
446.644
448.594
458.365
462.466
466.384
468.401
474.354
480.322
482.357
484.341
486.308
492.11
494.161
496.212
500.046
504.048
