4.117
6.251
10.219
12.12
18.005
19.989
22.04
24.057
25.908
33.861
36.028
38.013
41.781
45.765
47.866
49.917
51.784
57.837
67.623
69.624
71.675
73.526
77.66
79.511
81.595
85.513
87.431
89.398
91.499
95.384
107.355
121.143
125.111
127.262
131.13
133.148
135.015
137.049
139.133
145.069
146.936
150.937
152.905
155.022
162.842
166.743
168.877
170.911
172.745
176.73
182.766
184.8
190.669
194.67
198.688
202.456
208.542
214.511
218.429
224.314
228.416
238.353
244.172
246.206
250.274
258.177
260.061
261.995
263.962
266.08
270.031
274.033
275.883
279.818
285.854
289.855
295.757
297.691
299.792
301.843
303.777
305.711
307.778
309.746
325.502
327.636
331.587
333.505
337.506
341.458
349.31
355.279
359.364
361.181
363.199
365.25
371.235
375.12
377.154
385.09
392.993
394.894
400.896
402.93
410.9
412.9
414.868
424.705
426.639
438.643
440.611
442.561
446.53
448.53
458.434
462.552
466.454
468.404
474.456
480.359
482.259
484.31
486.311
492.23
494.097
496.098
500.233
504.017
