4.283
6.084
10.085
12.119
18.155
19.972
22.039
24.107
25.974
34.027
35.844
37.945
41.847
45.765
47.799
49.866
51.767
57.769
67.656
69.623
71.641
73.558
77.51
79.494
81.611
85.512
87.58
89.447
91.398
95.399
107.32
121.259
125.26
127.127
131.129
133.23
135.014
137.064
139.082
145.017
146.935
150.936
153.053
154.954
162.824
166.725
168.742
170.727
172.744
176.712
182.698
184.698
190.567
194.552
198.637
202.538
208.457
214.326
218.31
224.379
228.247
238.234
244.27
246.237
250.039
257.958
260.092
261.993
263.994
265.961
269.996
273.88
275.965
279.966
285.885
289.836
295.755
297.622
299.64
301.757
303.725
305.592
307.609
309.693
325.449
327.5
331.485
333.452
337.437
341.371
349.324
355.327
359.278
361.179
363.163
365.197
371.116
375.1
377.168
384.954
392.89
394.874
400.91
402.894
410.897
412.847
414.765
424.668
426.769
438.473
440.557
442.441
446.576
448.56
458.414
462.282
466.267
468.334
474.203
480.172
482.272
484.24
486.29
492.226
494.227
496.144
499.995
504.014
